CpG context (R1)
================
position	count methylated	count unmethylated	% methylation	coverage
1	69785	549765	11.26	619550
2	68820	546414	11.19	615234
3	70161	545826	11.39	615987
4	71598	549581	11.53	621179
5	70983	546069	11.50	617052
6	69748	546878	11.31	616626
7	70054	546570	11.36	616624
8	70099	544931	11.40	615030
9	70559	551754	11.34	622313
10	71753	556706	11.42	628459
11	71628	552741	11.47	624369
12	71359	551027	11.47	622386
13	71699	556023	11.42	627722
14	71681	552312	11.49	623993
15	72044	552379	11.54	624423
16	72288	551727	11.58	624015
17	71303	551247	11.45	622550
18	71494	554038	11.43	625532
19	72070	551722	11.55	623792
20	71726	552526	11.49	624252
21	72004	551942	11.54	623946
22	72500	559590	11.47	632090
23	71112	548667	11.47	619779
24	72216	553509	11.54	625725
25	72120	550127	11.59	622247
26	71690	550227	11.53	621917
27	72195	548514	11.63	620709
28	72534	549344	11.66	621878
29	71311	547306	11.53	618617
30	71938	544508	11.67	616446
31	72332	552333	11.58	624665
32	72201	552535	11.56	624736
33	73084	552655	11.68	625739
34	72622	551324	11.64	623946
35	71939	548009	11.60	619948
36	73118	551095	11.71	624213
37	73098	552651	11.68	625749
38	72819	553323	11.63	626142
39	71881	550826	11.54	622707
40	72007	551473	11.55	623480
41	72353	551018	11.61	623371
42	73158	551966	11.70	625124
43	72553	551509	11.63	624062
44	73433	553834	11.71	627267
45	72139	550844	11.58	622983
46	72897	551424	11.68	624321
47	73135	552944	11.68	626079
48	73557	551882	11.76	625439
49	72942	551828	11.68	624770
50	73005	550038	11.72	623043
51	72695	549758	11.68	622453
52	72109	549545	11.60	621654
53	72428	550882	11.62	623310
54	72225	548505	11.64	620730
55	72998	552673	11.67	625671
56	73213	550954	11.73	624167
57	73559	549646	11.80	623205
58	73446	550232	11.78	623678
59	73310	547569	11.81	620879
60	72894	547705	11.75	620599
61	73249	549928	11.75	623177
62	72907	548244	11.74	621151
63	73595	548214	11.84	621809
64	73245	549880	11.75	623125
65	72933	550761	11.69	623694
66	72871	550248	11.69	623119
67	73202	550521	11.74	623723
68	73426	547887	11.82	621313
69	73509	547259	11.84	620768
70	72685	547077	11.73	619762
71	72548	547424	11.70	619972
72	72784	547644	11.73	620428
73	73033	549087	11.74	622120
74	73516	548339	11.82	621855
75	72622	545262	11.75	617884
76	72868	545266	11.79	618134
77	73893	544658	11.95	618551
78	73351	544406	11.87	617757
79	73782	545174	11.92	618956
80	73304	546331	11.83	619635
81	72924	544382	11.81	617306
82	73399	546488	11.84	619887
83	73364	543999	11.88	617363
84	73709	545641	11.90	619350
85	73011	544405	11.83	617416
86	73534	542911	11.93	616445
87	73584	546535	11.87	620119
88	73761	544557	11.93	618318
89	73909	544865	11.94	618774
90	73800	542610	11.97	616410
91	73577	542542	11.94	616119
92	74089	538828	12.09	612917
93	74091	538951	12.09	613042
94	74329	540000	12.10	614329
95	74154	538379	12.11	612533
96	73899	537293	12.09	611192
97	73478	537952	12.02	611430
98	74282	538139	12.13	612421
99	74016	535107	12.15	609123
100	74435	536905	12.18	611340
101	74439	535598	12.20	610037
102	74675	533898	12.27	608573
103	74070	533057	12.20	607127
104	74382	531354	12.28	605736
105	74778	531747	12.33	606525
106	75061	531962	12.37	607023
107	75523	530038	12.47	605561
108	75013	529290	12.41	604303
109	75476	527020	12.53	602496
110	76219	524580	12.69	600799
111	81377	531826	13.27	613203

CHG context (R1)
================
position	count methylated	count unmethylated	% methylation	coverage
1	5272	858939	0.61	864211
2	5241	855680	0.61	860921
3	5102	855390	0.59	860492
4	5633	848302	0.66	853935
5	5496	845079	0.65	850575
6	5218	848969	0.61	854187
7	5417	856475	0.63	861892
8	5337	850311	0.62	855648
9	5296	856395	0.61	861691
10	5158	857973	0.60	863131
11	5466	859841	0.63	865307
12	5284	862946	0.61	868230
13	5361	868491	0.61	873852
14	5503	861385	0.63	866888
15	5484	860487	0.63	865971
16	5815	864617	0.67	870432
17	5573	856675	0.65	862248
18	5390	859257	0.62	864647
19	5386	865703	0.62	871089
20	5310	862534	0.61	867844
21	5504	863566	0.63	869070
22	5243	864775	0.60	870018
23	5385	859364	0.62	864749
24	5314	862408	0.61	867722
25	5396	866372	0.62	871768
26	5424	860902	0.63	866326
27	5641	863273	0.65	868914
28	5459	860433	0.63	865892
29	5319	858813	0.62	864132
30	5374	857955	0.62	863329
31	5645	863541	0.65	869186
32	5417	869334	0.62	874751
33	5456	865082	0.63	870538
34	5794	864736	0.67	870530
35	5434	861894	0.63	867328
36	5366	863437	0.62	868803
37	5510	866943	0.63	872453
38	5520	867789	0.63	873309
39	5461	861868	0.63	867329
40	5472	866054	0.63	871526
41	5612	864659	0.64	870271
42	5444	865242	0.63	870686
43	5556	867169	0.64	872725
44	5350	863017	0.62	868367
45	5388	865787	0.62	871175
46	5559	868010	0.64	873569
47	5544	867893	0.63	873437
48	5533	861481	0.64	867014
49	5809	864311	0.67	870120
50	5658	862874	0.65	868532
51	5845	862611	0.67	868456
52	5763	862293	0.66	868056
53	5848	861733	0.67	867581
54	6082	863520	0.70	869602
55	5958	860414	0.69	866372
56	6092	859943	0.70	866035
57	6077	860387	0.70	866464
58	6040	862084	0.70	868124
59	6070	858897	0.70	864967
60	6178	861594	0.71	867772
61	6173	861261	0.71	867434
62	6218	857424	0.72	863642
63	6323	859246	0.73	865569
64	6285	859837	0.73	866122
65	6360	858706	0.74	865066
66	6434	858263	0.74	864697
67	6512	857711	0.75	864223
68	6434	858257	0.74	864691
69	6514	859252	0.75	865766
70	6723	860004	0.78	866727
71	6774	853189	0.79	859963
72	6576	856100	0.76	862676
73	6899	858699	0.80	865598
74	6734	854710	0.78	861444
75	7110	857211	0.82	864321
76	7146	856620	0.83	863766
77	7236	857160	0.84	864396
78	7239	856391	0.84	863630
79	7426	857957	0.86	865383
80	7536	854894	0.87	862430
81	7621	853826	0.88	861447
82	7700	855410	0.89	863110
83	7906	849968	0.92	857874
84	8106	853181	0.94	861287
85	8178	853759	0.95	861937
86	8526	851891	0.99	860417
87	8728	850801	1.02	859529
88	8922	853065	1.04	861987
89	9029	850392	1.05	859421
90	9173	844081	1.08	853254
91	9437	846333	1.10	855770
92	9693	848223	1.13	857916
93	9922	844214	1.16	854136
94	10260	847080	1.20	857340
95	10272	843791	1.20	854063
96	11058	842784	1.30	853842
97	10865	839643	1.28	850508
98	11425	837773	1.35	849198
99	11823	836795	1.39	848618
100	12226	837940	1.44	850166
101	12153	832781	1.44	844934
102	12924	830544	1.53	843468
103	13049	827956	1.55	841005
104	13815	826054	1.64	839869
105	14577	822820	1.74	837397
106	14646	825385	1.74	840031
107	15406	823344	1.84	838750
108	16037	824768	1.91	840805
109	16497	824829	1.96	841326
110	24921	827164	2.92	852085
111	24629	822838	2.91	847467

CHH context (R1)
================
position	count methylated	count unmethylated	% methylation	coverage
1	27343	3899725	0.70	3927068
2	27088	3894513	0.69	3921601
3	27144	3879378	0.69	3906522
4	28662	3865288	0.74	3893950
5	29566	3874663	0.76	3904229
6	27690	3882986	0.71	3910676
7	27711	3905058	0.70	3932769
8	27972	3880560	0.72	3908532
9	27590	3912972	0.70	3940562
10	28603	3902799	0.73	3931402
11	27929	3913451	0.71	3941380
12	27849	3910088	0.71	3937937
13	28471	3917048	0.72	3945519
14	28203	3902180	0.72	3930383
15	28076	3910197	0.71	3938273
16	29136	3908779	0.74	3937915
17	28544	3889403	0.73	3917947
18	28022	3911289	0.71	3939311
19	28277	3921996	0.72	3950273
20	28358	3920460	0.72	3948818
21	28347	3916710	0.72	3945057
22	27892	3940127	0.70	3968019
23	28515	3899359	0.73	3927874
24	27799	3916685	0.70	3944484
25	28737	3936896	0.72	3965633
26	28135	3921303	0.71	3949438
27	29012	3922554	0.73	3951566
28	28364	3933278	0.72	3961642
29	28789	3907422	0.73	3936211
30	28380	3902881	0.72	3931261
31	28522	3918154	0.72	3946676
32	28326	3922100	0.72	3950426
33	28231	3921434	0.71	3949665
34	28955	3925992	0.73	3954947
35	28631	3923602	0.72	3952233
36	28512	3924137	0.72	3952649
37	28907	3929676	0.73	3958583
38	28365	3928756	0.72	3957121
39	28696	3921812	0.73	3950508
40	29016	3946397	0.73	3975413
41	28843	3932267	0.73	3961110
42	29064	3937170	0.73	3966234
43	29043	3932939	0.73	3961982
44	29110	3933149	0.73	3962259
45	29076	3929459	0.73	3958535
46	29570	3929074	0.75	3958644
47	29433	3926531	0.74	3955964
48	29608	3941017	0.75	3970625
49	30233	3940255	0.76	3970488
50	30322	3925999	0.77	3956321
51	30697	3931444	0.77	3962141
52	30436	3926614	0.77	3957050
53	30783	3920689	0.78	3951472
54	31873	3913749	0.81	3945622
55	31529	3915339	0.80	3946868
56	30894	3925759	0.78	3956653
57	31507	3920725	0.80	3952232
58	31724	3925080	0.80	3956804
59	31633	3918209	0.80	3949842
60	31566	3925827	0.80	3957393
61	32357	3923661	0.82	3956018
62	32819	3907377	0.83	3940196
63	32883	3911697	0.83	3944580
64	33232	3916316	0.84	3949548
65	33006	3917755	0.84	3950761
66	33579	3921649	0.85	3955228
67	33447	3922452	0.85	3955899
68	33730	3919228	0.85	3952958
69	34590	3916600	0.88	3951190
70	34488	3912008	0.87	3946496
71	34764	3901191	0.88	3935955
72	35674	3905870	0.91	3941544
73	36250	3909723	0.92	3945973
74	36031	3900894	0.92	3936925
75	36442	3902590	0.93	3939032
76	37260	3911757	0.94	3949017
77	37763	3902734	0.96	3940497
78	37963	3904178	0.96	3942141
79	39177	3900905	0.99	3940082
80	39812	3890536	1.01	3930348
81	40042	3888936	1.02	3928978
82	40973	3897126	1.04	3938099
83	41664	3889797	1.06	3931461
84	42430	3895488	1.08	3937918
85	43816	3891178	1.11	3934994
86	44300	3877885	1.13	3922185
87	44519	3877117	1.14	3921636
88	46505	3867828	1.19	3914333
89	46719	3858296	1.20	3905015
90	48145	3854903	1.23	3903048
91	48962	3858615	1.25	3907577
92	50529	3862334	1.29	3912863
93	51373	3856525	1.31	3907898
94	53341	3857748	1.36	3911089
95	54372	3844516	1.39	3898888
96	56311	3831845	1.45	3888156
97	57704	3826909	1.49	3884613
98	59433	3829122	1.53	3888555
99	61191	3821556	1.58	3882747
100	63090	3825938	1.62	3889028
101	65028	3807014	1.68	3872042
102	66979	3802183	1.73	3869162
103	69995	3806434	1.81	3876429
104	71847	3800194	1.86	3872041
105	74716	3791067	1.93	3865783
106	78144	3785505	2.02	3863649
107	81417	3782126	2.11	3863543
108	88002	3778869	2.28	3866871
109	91368	3773230	2.36	3864598
110	94738	3754254	2.46	3848992
111	99423	3748518	2.58	3847941

CpG context (R2)
================
position	count methylated	count unmethylated	% methylation	coverage
1	66193	481167	12.09	547360
2	64884	473823	12.04	538707
3	64764	471656	12.07	536420
4	64636	472012	12.04	536648
5	64341	469133	12.06	533474
6	63560	467669	11.96	531229
7	63492	467256	11.96	530748
8	63248	465837	11.95	529085
9	62539	464262	11.87	526801
10	62485	462977	11.89	525462
11	62558	463333	11.90	525891
12	62204	462327	11.86	524531
13	61954	459257	11.89	521211
14	61480	459523	11.80	521003
15	61486	456483	11.87	517969
16	60853	451690	11.87	512543
17	60641	453070	11.80	513711
18	59975	449316	11.78	509291
19	60101	447040	11.85	507141
20	59486	444382	11.81	503868
21	59156	442658	11.79	501814
22	58588	440073	11.75	498661
23	58167	435720	11.78	493887
24	57479	431872	11.75	489351
25	57314	428935	11.79	486249
26	56745	425880	11.76	482625
27	56245	421742	11.77	477987
28	56272	419264	11.83	475536
29	55306	415419	11.75	470725
30	54615	411263	11.72	465878
31	54719	406942	11.85	461661
32	54034	405280	11.76	459314
33	53557	399127	11.83	452684
34	53433	395102	11.91	448535
35	52642	393307	11.80	445949
36	52179	389398	11.82	441577
37	51755	385973	11.82	437728
38	51215	382713	11.80	433928
39	50654	379032	11.79	429686
40	50236	375421	11.80	425657
41	49914	372596	11.81	422510
42	49265	368112	11.80	417377
43	48883	364709	11.82	413592
44	48279	360903	11.80	409182
45	47874	358120	11.79	405994
46	47337	353941	11.80	401278
47	46906	350518	11.80	397424
48	46454	347070	11.80	393524
49	46271	343097	11.88	389368
50	45578	339867	11.82	385445
51	44966	335546	11.82	380512
52	44634	330851	11.89	375485
53	44204	326340	11.93	370544
54	43211	324722	11.74	367933
55	43237	321261	11.86	364498
56	42805	318392	11.85	361197
57	41809	314762	11.73	356571
58	41429	310806	11.76	352235
59	41020	307902	11.76	348922
60	40356	303739	11.73	344095
61	39742	300698	11.67	340440
62	39895	297303	11.83	337198
63	39626	293797	11.88	333423
64	38752	289758	11.80	328510
65	38172	286127	11.77	324299
66	37538	283340	11.70	320878
67	37315	281236	11.71	318551
68	37361	276723	11.90	314084
69	36702	273647	11.83	310349
70	36264	270730	11.81	306994
71	35802	267004	11.82	302806
72	35273	264540	11.77	299813
73	34931	261407	11.79	296338
74	34389	257336	11.79	291725
75	34065	254200	11.82	288265
76	34061	251820	11.91	285881
77	33313	247934	11.84	281247
78	32916	246070	11.80	278986
79	32570	244032	11.78	276602
80	32076	240640	11.76	272716
81	31689	236912	11.80	268601
82	31255	234724	11.75	265979
83	31059	232058	11.80	263117
84	30558	228968	11.77	259526
85	30212	225987	11.79	256199
86	29465	223038	11.67	252503
87	29097	220788	11.64	249885
88	29077	218171	11.76	247248
89	28624	215861	11.71	244485
90	28568	213283	11.81	241851
91	27990	211243	11.70	239233
92	27721	208251	11.75	235972
93	27364	205744	11.74	233108
94	27221	203226	11.81	230447
95	26640	201108	11.70	227748
96	26581	198148	11.83	224729
97	26259	197099	11.76	223358
98	25518	194491	11.60	220009
99	25704	191713	11.82	217417
100	25100	189208	11.71	214308
101	24718	187200	11.66	211918
102	24331	184434	11.65	208765
103	23986	182666	11.61	206652
104	24032	181089	11.72	205121
105	23299	179004	11.52	202303
106	23282	176132	11.68	199414
107	23064	174132	11.70	197196
108	22504	171403	11.61	193907
109	22423	169984	11.65	192407
110	21857	167830	11.52	189687
111	21573	166603	11.46	188176

CHG context (R2)
================
position	count methylated	count unmethylated	% methylation	coverage
1	10581	736851	1.42	747432
2	9899	738175	1.32	748074
3	7199	727384	0.98	734583
4	6383	725689	0.87	732072
5	6101	724812	0.83	730913
6	5544	720998	0.76	726542
7	5334	718116	0.74	723450
8	4989	716920	0.69	721909
9	4663	715703	0.65	720366
10	4724	713352	0.66	718076
11	4535	712304	0.63	716839
12	4417	710613	0.62	715030
13	4408	708797	0.62	713205
14	4352	704469	0.61	708821
15	4417	703975	0.62	708392
16	4148	697067	0.59	701215
17	4189	697417	0.60	701606
18	4084	694590	0.58	698674
19	4142	690496	0.60	694638
20	4124	685808	0.60	689932
21	4002	681450	0.58	685452
22	4007	677708	0.59	681715
23	3786	673690	0.56	677476
24	3958	668802	0.59	672760
25	3865	664173	0.58	668038
26	4064	659687	0.61	663751
27	3928	653151	0.60	657079
28	3948	648431	0.61	652379
29	3750	644516	0.58	648266
30	3743	638312	0.58	642055
31	3891	631971	0.61	635862
32	3729	627269	0.59	630998
33	3844	621923	0.61	625767
34	3927	616697	0.63	620624
35	3512	612392	0.57	615904
36	3615	607621	0.59	611236
37	3614	600070	0.60	603684
38	3408	596271	0.57	599679
39	3695	590736	0.62	594431
40	3559	584851	0.60	588410
41	3481	577611	0.60	581092
42	3568	572828	0.62	576396
43	3563	567696	0.62	571259
44	3312	561689	0.59	565001
45	3246	556226	0.58	559472
46	3187	549667	0.58	552854
47	3227	546311	0.59	549538
48	3107	539528	0.57	542635
49	3167	534086	0.59	537253
50	2921	528569	0.55	531490
51	3032	523789	0.58	526821
52	3231	517700	0.62	520931
53	3330	510274	0.65	513604
54	2982	506359	0.59	509341
55	3098	501422	0.61	504520
56	2892	496790	0.58	499682
57	2847	490160	0.58	493007
58	2851	483713	0.59	486564
59	2890	480152	0.60	483042
60	2848	473532	0.60	476380
61	2783	469432	0.59	472215
62	2668	462695	0.57	465363
63	2673	459081	0.58	461754
64	2753	453190	0.60	455943
65	2651	447340	0.59	449991
66	2633	442187	0.59	444820
67	2597	437152	0.59	439749
68	2454	432090	0.56	434544
69	2560	429373	0.59	431933
70	2417	424390	0.57	426807
71	2481	417528	0.59	420009
72	2520	412912	0.61	415432
73	2619	407151	0.64	409770
74	2600	403694	0.64	406294
75	2535	397542	0.63	400077
76	2480	393905	0.63	396385
77	2382	389279	0.61	391661
78	2402	384806	0.62	387208
79	2333	380226	0.61	382559
80	2206	376726	0.58	378932
81	2171	371784	0.58	373955
82	2154	367627	0.58	369781
83	2204	363192	0.60	365396
84	2203	359461	0.61	361664
85	2060	354851	0.58	356911
86	2042	351196	0.58	353238
87	2049	345627	0.59	347676
88	1974	342851	0.57	344825
89	1952	337867	0.57	339819
90	1971	334956	0.58	336927
91	2028	330510	0.61	332538
92	1943	326354	0.59	328297
93	1898	322804	0.58	324702
94	1959	318512	0.61	320471
95	1948	315174	0.61	317122
96	1942	311530	0.62	313472
97	1913	307788	0.62	309701
98	1846	304550	0.60	306396
99	1865	300745	0.62	302610
100	1830	296132	0.61	297962
101	1680	293358	0.57	295038
102	1778	289598	0.61	291376
103	1673	286317	0.58	287990
104	1745	282730	0.61	284475
105	1706	279050	0.61	280756
106	1801	276360	0.65	278161
107	1628	272755	0.59	274383
108	1685	268722	0.62	270407
109	1784	265521	0.67	267305
110	1655	263976	0.62	265631
111	1529	259971	0.58	261500

CHH context (R2)
================
position	count methylated	count unmethylated	% methylation	coverage
1	46370	3489706	1.31	3536076
2	41553	3484039	1.18	3525592
3	38577	3465247	1.10	3503824
4	35797	3448327	1.03	3484124
5	32706	3423425	0.95	3456131
6	30978	3395914	0.90	3426892
7	28809	3377516	0.85	3406325
8	28177	3358183	0.83	3386360
9	26730	3342137	0.79	3368867
10	26706	3323217	0.80	3349923
11	24891	3315548	0.75	3340439
12	24265	3300107	0.73	3324372
13	23735	3281585	0.72	3305320
14	23197	3263572	0.71	3286769
15	23807	3242505	0.73	3266312
16	22700	3211909	0.70	3234609
17	22094	3204593	0.68	3226687
18	21823	3187345	0.68	3209168
19	21404	3168693	0.67	3190097
20	21370	3147188	0.67	3168558
21	21118	3126906	0.67	3148024
22	20693	3103381	0.66	3124074
23	20837	3081390	0.67	3102227
24	20523	3053612	0.67	3074135
25	20222	3032934	0.66	3053156
26	20830	3006914	0.69	3027744
27	20606	2983811	0.69	3004417
28	20424	2957959	0.69	2978383
29	19666	2939658	0.66	2959324
30	19659	2911517	0.67	2931176
31	19956	2886033	0.69	2905989
32	19293	2864542	0.67	2883835
33	19877	2829952	0.70	2849829
34	20934	2811142	0.74	2832076
35	18703	2786030	0.67	2804733
36	18460	2762033	0.66	2780493
37	18708	2732340	0.68	2751048
38	18501	2706062	0.68	2724563
39	18519	2682400	0.69	2700919
40	18248	2657219	0.68	2675467
41	17968	2629462	0.68	2647430
42	18610	2603947	0.71	2622557
43	18534	2579986	0.71	2598520
44	17421	2553560	0.68	2570981
45	17027	2525167	0.67	2542194
46	16834	2500962	0.67	2517796
47	16715	2476746	0.67	2493461
48	16638	2450956	0.67	2467594
49	16620	2427632	0.68	2444252
50	16207	2403132	0.67	2419339
51	16029	2374824	0.67	2390853
52	16600	2347447	0.70	2364047
53	16738	2316238	0.72	2332976
54	15646	2300090	0.68	2315736
55	16208	2273269	0.71	2289477
56	15287	2249763	0.67	2265050
57	15229	2224308	0.68	2239537
58	15021	2198023	0.68	2213044
59	14777	2175463	0.67	2190240
60	14586	2148091	0.67	2162677
61	14671	2125869	0.69	2140540
62	14703	2103107	0.69	2117810
63	14057	2079486	0.67	2093543
64	13934	2056083	0.67	2070017
65	14019	2027811	0.69	2041830
66	13933	2009473	0.69	2023406
67	13662	1985854	0.68	1999516
68	13476	1964893	0.68	1978369
69	13406	1942687	0.69	1956093
70	13408	1919618	0.69	1933026
71	13323	1898119	0.70	1911442
72	13414	1874869	0.71	1888283
73	13613	1847858	0.73	1861471
74	13965	1830018	0.76	1843983
75	13878	1811567	0.76	1825445
76	13783	1784627	0.77	1798410
77	13155	1774248	0.74	1787403
78	12720	1748819	0.72	1761539
79	12286	1731244	0.70	1743530
80	12146	1711335	0.70	1723481
81	12284	1690023	0.72	1702307
82	11714	1677394	0.69	1689108
83	11816	1653480	0.71	1665296
84	11608	1633808	0.71	1645416
85	11516	1614602	0.71	1626118
86	11407	1594362	0.71	1605769
87	11381	1573896	0.72	1585277
88	11136	1559262	0.71	1570398
89	10932	1542006	0.70	1552938
90	11361	1523270	0.74	1534631
91	11170	1505866	0.74	1517036
92	10911	1485238	0.73	1496149
93	10662	1469567	0.72	1480229
94	10750	1451407	0.74	1462157
95	10411	1432035	0.72	1442446
96	10734	1415944	0.75	1426678
97	10278	1401324	0.73	1411602
98	10335	1382243	0.74	1392578
99	10474	1364659	0.76	1375133
100	10103	1349862	0.74	1359965
101	9972	1333748	0.74	1343720
102	9944	1315540	0.75	1325484
103	9869	1303206	0.75	1313075
104	9764	1286780	0.75	1296544
105	9710	1271570	0.76	1281280
106	9570	1256535	0.76	1266105
107	9313	1239683	0.75	1248996
108	9496	1224224	0.77	1233720
109	9853	1212678	0.81	1222531
110	9382	1203557	0.77	1212939
111	9397	1186101	0.79	1195498

