CpG context (R1)
================
position	count methylated	count unmethylated	% methylation	coverage
1	75328	610177	10.99	685505
2	75536	602618	11.14	678154
3	76114	601560	11.23	677674
4	77163	608228	11.26	685391
5	77352	605320	11.33	682672
6	76327	606355	11.18	682682
7	76937	604357	11.29	681294
8	76896	606075	11.26	682971
9	76856	608676	11.21	685532
10	77705	616326	11.20	694031
11	77533	613462	11.22	690995
12	77322	611108	11.23	688430
13	77507	615890	11.18	693397
14	77500	610846	11.26	688346
15	78164	611209	11.34	689373
16	78108	609112	11.37	687220
17	77326	611329	11.23	688655
18	78155	613224	11.30	691379
19	77855	611475	11.29	689330
20	77600	612433	11.25	690033
21	77844	609957	11.32	687801
22	78959	619190	11.31	698149
23	77930	608248	11.36	686178
24	78738	611846	11.40	690584
25	78478	607106	11.45	685584
26	77934	607464	11.37	685398
27	78265	608089	11.40	686354
28	78347	609117	11.40	687464
29	77652	606784	11.35	684436
30	77994	606143	11.40	684137
31	78493	613117	11.35	691610
32	78398	611007	11.37	689405
33	78687	611118	11.41	689805
34	79167	609403	11.50	688570
35	78245	607477	11.41	685722
36	77745	609720	11.31	687465
37	79094	612974	11.43	692068
38	78909	612750	11.41	691659
39	78258	610544	11.36	688802
40	78936	611035	11.44	689971
41	79063	611449	11.45	690512
42	79282	611232	11.48	690514
43	79272	612359	11.46	691631
44	79452	613101	11.47	692553
45	78737	610783	11.42	689520
46	79055	611874	11.44	690929
47	79155	613358	11.43	692513
48	79549	613003	11.49	692552
49	79717	612707	11.51	692424
50	78727	609326	11.44	688053
51	79493	610538	11.52	690031
52	78995	609106	11.48	688101
53	78814	611302	11.42	690116
54	78446	609477	11.40	687923
55	78312	612437	11.34	690749
56	79734	611080	11.54	690814
57	79405	607578	11.56	686983
58	78781	609064	11.45	687845
59	79529	607077	11.58	686606
60	79077	608507	11.50	687584
61	79492	609299	11.54	688791
62	79652	609962	11.55	689614
63	79548	608645	11.56	688193
64	79295	610728	11.49	690023
65	79768	611515	11.54	691283
66	79356	609838	11.51	689194
67	79560	608812	11.56	688372
68	79201	608125	11.52	687326
69	79494	606689	11.58	686183
70	79476	607610	11.57	687086
71	78956	607695	11.50	686651
72	78955	608334	11.49	687289
73	79474	608416	11.55	687890
74	79013	607162	11.51	686175
75	78605	602661	11.54	681266
76	79013	605489	11.54	684502
77	79003	603731	11.57	682734
78	79802	605746	11.64	685548
79	79814	605761	11.64	685575
80	79583	605897	11.61	685480
81	79554	602791	11.66	682345
82	79477	606893	11.58	686370
83	79335	603487	11.62	682822
84	78537	605282	11.49	683819
85	79841	604963	11.66	684804
86	79532	603063	11.65	682595
87	79097	606125	11.54	685222
88	79803	603346	11.68	683149
89	78950	602571	11.58	681521
90	79958	602781	11.71	682739
91	79879	602177	11.71	682056
92	79968	599497	11.77	679465
93	79854	598700	11.77	678554
94	80156	599565	11.79	679721
95	80621	599294	11.86	679915
96	80064	596567	11.83	676631
97	80484	596890	11.88	677374
98	80092	596864	11.83	676956
99	80461	595051	11.91	675512
100	80465	596601	11.88	677066
101	80502	594310	11.93	674812
102	80336	593817	11.92	674153
103	80437	592944	11.95	673381
104	81319	589927	12.11	671246
105	80824	591505	12.02	672329
106	81335	589075	12.13	670410
107	81897	589829	12.19	671726
108	81757	586871	12.23	668628
109	81890	587079	12.24	668969
110	81879	582364	12.33	664243
111	87668	590211	12.93	677879

CHG context (R1)
================
position	count methylated	count unmethylated	% methylation	coverage
1	5915	944774	0.62	950689
2	5794	939948	0.61	945742
3	5631	940585	0.60	946216
4	6055	935150	0.64	941205
5	6047	930630	0.65	936677
6	5843	934159	0.62	940002
7	6006	941943	0.63	947949
8	6088	938583	0.64	944671
9	5835	942685	0.62	948520
10	5918	945485	0.62	951403
11	6010	944674	0.63	950684
12	6045	951842	0.63	957887
13	6046	953004	0.63	959050
14	6039	948415	0.63	954454
15	6040	947730	0.63	953770
16	6145	953454	0.64	959599
17	5900	946946	0.62	952846
18	5883	948350	0.62	954233
19	5933	952751	0.62	958684
20	6052	948492	0.63	954544
21	6009	948884	0.63	954893
22	5953	950355	0.62	956308
23	5963	944861	0.63	950824
24	5924	948158	0.62	954082
25	5893	951014	0.62	956907
26	5831	947923	0.61	953754
27	6309	950394	0.66	956703
28	5886	948873	0.62	954759
29	5979	944550	0.63	950529
30	6167	946873	0.65	953040
31	6101	953123	0.64	959224
32	6052	958720	0.63	964772
33	5979	953739	0.62	959718
34	6110	953994	0.64	960104
35	6060	949162	0.63	955222
36	5820	950374	0.61	956194
37	5992	954068	0.62	960060
38	6135	954278	0.64	960413
39	6154	950408	0.64	956562
40	6145	954023	0.64	960168
41	6302	953885	0.66	960187
42	6060	952817	0.63	958877
43	6144	957797	0.64	963941
44	5979	951893	0.62	957872
45	6030	951978	0.63	958008
46	6113	957815	0.63	963928
47	6221	955626	0.65	961847
48	6257	950894	0.65	957151
49	6228	950454	0.65	956682
50	6358	948386	0.67	954744
51	6500	950723	0.68	957223
52	6431	953069	0.67	959500
53	6498	950295	0.68	956793
54	6654	950099	0.70	956753
55	6626	948741	0.69	955367
56	6538	947663	0.69	954201
57	6907	945551	0.73	952458
58	6740	948687	0.71	955427
59	6660	945570	0.70	952230
60	6739	949391	0.70	956130
61	6856	948783	0.72	955639
62	6826	945202	0.72	952028
63	6921	946262	0.73	953183
64	6884	948942	0.72	955826
65	6930	945364	0.73	952294
66	6961	945795	0.73	952756
67	7070	946017	0.74	953087
68	6876	945918	0.72	952794
69	7141	946439	0.75	953580
70	7260	945633	0.76	952893
71	7085	941004	0.75	948089
72	7360	943653	0.77	951013
73	7464	946249	0.78	953713
74	7644	941711	0.81	949355
75	7733	944657	0.81	952390
76	7751	946610	0.81	954361
77	7825	944372	0.82	952197
78	8071	944746	0.85	952817
79	8039	947017	0.84	955056
80	8102	942184	0.85	950286
81	8205	940562	0.86	948767
82	8632	942342	0.91	950974
83	8615	938820	0.91	947435
84	8733	940744	0.92	949477
85	8823	939151	0.93	947974
86	9299	937689	0.98	946988
87	9264	938603	0.98	947867
88	9473	939337	1.00	948810
89	9799	935387	1.04	945186
90	10031	934730	1.06	944761
91	10106	932417	1.07	942523
92	10402	931887	1.10	942289
93	10664	932687	1.13	943351
94	11019	931668	1.17	942687
95	11326	929635	1.20	940961
96	11721	928510	1.25	940231
97	11929	926182	1.27	938111
98	12349	923427	1.32	935776
99	12657	923051	1.35	935708
100	13119	922724	1.40	935843
101	13414	919083	1.44	932497
102	13877	914572	1.49	928449
103	14167	915604	1.52	929771
104	14768	911724	1.59	926492
105	15316	909603	1.66	924919
106	15837	908370	1.71	924207
107	16663	910766	1.80	927429
108	17244	911432	1.86	928676
109	17727	907585	1.92	925312
110	26600	912978	2.83	939578
111	26449	909103	2.83	935552

CHH context (R1)
================
position	count methylated	count unmethylated	% methylation	coverage
1	30283	4286851	0.70	4317134
2	29948	4277238	0.70	4307186
3	30509	4259072	0.71	4289581
4	32488	4249102	0.76	4281590
5	33411	4253650	0.78	4287061
6	31718	4261630	0.74	4293348
7	30834	4283608	0.71	4314442
8	31264	4262598	0.73	4293862
9	31526	4298876	0.73	4330402
10	32004	4288025	0.74	4320029
11	32436	4304747	0.75	4337183
12	32321	4293880	0.75	4326201
13	31843	4303764	0.73	4335607
14	31543	4287473	0.73	4319016
15	31170	4290866	0.72	4322036
16	33140	4297065	0.77	4330205
17	32827	4273058	0.76	4305885
18	32055	4294099	0.74	4326154
19	31630	4307839	0.73	4339469
20	31384	4303015	0.72	4334399
21	32022	4301444	0.74	4333466
22	32182	4321472	0.74	4353654
23	32506	4282446	0.75	4314952
24	32235	4299258	0.74	4331493
25	32196	4324948	0.74	4357144
26	31331	4308649	0.72	4339980
27	32466	4303750	0.75	4336216
28	32484	4311831	0.75	4344315
29	32552	4288481	0.75	4321033
30	32598	4283262	0.76	4315860
31	31878	4302154	0.74	4334032
32	31791	4306619	0.73	4338410
33	31844	4304124	0.73	4335968
34	33078	4308255	0.76	4341333
35	33022	4302746	0.76	4335768
36	32540	4304442	0.75	4336982
37	31668	4313109	0.73	4344777
38	32025	4315592	0.74	4347617
39	32562	4302841	0.75	4335403
40	32750	4329678	0.75	4362428
41	32824	4320882	0.75	4353706
42	32901	4321550	0.76	4354451
43	32200	4321205	0.74	4353405
44	32032	4317761	0.74	4349793
45	32493	4310684	0.75	4343177
46	33650	4317657	0.77	4351307
47	33790	4308807	0.78	4342597
48	33732	4319900	0.77	4353632
49	33559	4324302	0.77	4357861
50	33830	4314536	0.78	4348366
51	34628	4314363	0.80	4348991
52	34511	4311287	0.79	4345798
53	35247	4304621	0.81	4339868
54	35907	4293977	0.83	4329884
55	34887	4302363	0.80	4337250
56	34687	4306370	0.80	4341057
57	35393	4302887	0.82	4338280
58	35413	4310103	0.81	4345516
59	36071	4300808	0.83	4336879
60	35841	4306760	0.83	4342601
61	36111	4306348	0.83	4342459
62	36504	4291134	0.84	4327638
63	36373	4292226	0.84	4328599
64	36949	4301740	0.85	4338689
65	37461	4302017	0.86	4339478
66	37559	4305834	0.86	4343393
67	37078	4303300	0.85	4340378
68	36971	4305656	0.85	4342627
69	38502	4302090	0.89	4340592
70	39212	4298704	0.90	4337916
71	39149	4287517	0.90	4326666
72	39319	4287330	0.91	4326649
73	39621	4287417	0.92	4327038
74	39801	4288103	0.92	4327904
75	40522	4286038	0.94	4326560
76	41479	4295781	0.96	4337260
77	42099	4286143	0.97	4328242
78	42372	4282109	0.98	4324481
79	43035	4283247	0.99	4326282
80	43455	4272953	1.01	4316408
81	44022	4269573	1.02	4313595
82	45153	4278790	1.04	4323943
83	46193	4272571	1.07	4318764
84	46851	4274462	1.08	4321313
85	47204	4278014	1.09	4325218
86	48360	4261529	1.12	4309889
87	49618	4264086	1.15	4313704
88	50772	4248759	1.18	4299531
89	51444	4242062	1.20	4293506
90	52498	4234438	1.22	4286936
91	53838	4239516	1.25	4293354
92	55382	4236422	1.29	4291804
93	55984	4232843	1.31	4288827
94	58304	4242252	1.36	4300556
95	59810	4221926	1.40	4281736
96	62003	4211202	1.45	4273205
97	62673	4208299	1.47	4270972
98	64392	4207445	1.51	4271837
99	66529	4202267	1.56	4268796
100	68598	4203171	1.61	4271769
101	71241	4184714	1.67	4255955
102	73105	4175590	1.72	4248695
103	75556	4184591	1.77	4260147
104	77492	4173760	1.82	4251252
105	80898	4168089	1.90	4248987
106	84511	4162427	1.99	4246938
107	87872	4154616	2.07	4242488
108	94764	4159661	2.23	4254425
109	97831	4147987	2.30	4245818
110	101634	4132684	2.40	4234318
111	106585	4121876	2.52	4228461

CpG context (R2)
================
position	count methylated	count unmethylated	% methylation	coverage
1	71372	535811	11.75	607183
2	70679	528400	11.80	599079
3	69745	527024	11.69	596769
4	69938	525369	11.75	595307
5	69089	522841	11.67	591930
6	69559	521746	11.76	591305
7	68898	519869	11.70	588767
8	68715	519450	11.68	588165
9	68303	518605	11.64	586908
10	68253	516725	11.67	584978
11	67527	518361	11.53	585888
12	67831	516630	11.61	584461
13	67795	513847	11.66	581642
14	67036	513030	11.56	580066
15	66926	509481	11.61	576407
16	66205	506431	11.56	572636
17	65972	504317	11.57	570289
18	65638	504793	11.51	570431
19	65234	498707	11.57	563941
20	64537	496271	11.51	560808
21	64583	494760	11.55	559343
22	64283	489834	11.60	554117
23	63832	486612	11.60	550444
24	62688	483287	11.48	545975
25	63025	479117	11.63	542142
26	62579	475563	11.63	538142
27	61830	471602	11.59	533432
28	61162	468015	11.56	529177
29	60354	463366	11.52	523720
30	59798	460065	11.50	519863
31	59460	456968	11.51	516428
32	58649	451696	11.49	510345
33	58386	448181	11.53	506567
34	58176	444069	11.58	502245
35	57486	439772	11.56	497258
36	57234	436526	11.59	493760
37	56364	431387	11.56	487751
38	55582	428058	11.49	483640
39	55534	423380	11.60	478914
40	54744	420595	11.52	475339
41	54357	416928	11.53	471285
42	53934	411837	11.58	465771
43	53411	407643	11.58	461054
44	52897	404384	11.57	457281
45	52010	400342	11.50	452352
46	51376	396322	11.48	447698
47	50970	392687	11.49	443657
48	50436	389255	11.47	439691
49	50238	384369	11.56	434607
50	49571	381220	11.51	430791
51	48925	376189	11.51	425114
52	48902	372595	11.60	421497
53	48101	366793	11.59	414894
54	47176	364546	11.46	411722
55	47070	360119	11.56	407189
56	46370	356254	11.52	402624
57	45808	351431	11.53	397239
58	45467	348951	11.53	394418
59	44836	344823	11.51	389659
60	44589	340429	11.58	385018
61	43764	335721	11.53	379485
62	43250	332801	11.50	376051
63	42885	328333	11.55	371218
64	42310	325690	11.50	368000
65	42092	320533	11.61	362625
66	41587	317782	11.57	359369
67	41244	314071	11.61	355315
68	40729	310253	11.60	350982
69	40199	306321	11.60	346520
70	39291	303488	11.46	342779
71	39035	300172	11.51	339207
72	38650	296275	11.54	334925
73	38279	291877	11.59	330156
74	37915	288490	11.62	326405
75	37497	285468	11.61	322965
76	37272	282324	11.66	319596
77	36192	279253	11.47	315445
78	35729	275381	11.48	311110
79	35205	272985	11.42	308190
80	35011	269613	11.49	304624
81	34564	267166	11.46	301730
82	34177	263282	11.49	297459
83	34046	260132	11.57	294178
84	33055	255952	11.44	289007
85	33117	253107	11.57	286224
86	32604	249639	11.55	282243
87	32490	246851	11.63	279341
88	31542	244845	11.41	276387
89	31161	241187	11.44	272348
90	30971	239390	11.46	270361
91	30341	234846	11.44	265187
92	30057	232596	11.44	262653
93	29824	230186	11.47	260010
94	29478	227525	11.47	257003
95	29285	224800	11.53	254085
96	28852	222864	11.46	251716
97	28487	219629	11.48	248116
98	28259	216834	11.53	245093
99	27831	213335	11.54	241166
100	27203	210643	11.44	237846
101	26948	208147	11.46	235095
102	26875	206135	11.53	233010
103	26284	203941	11.42	230225
104	25928	201384	11.41	227312
105	25611	198704	11.42	224315
106	25694	196135	11.58	221829
107	25074	193868	11.45	218942
108	24451	191298	11.33	215749
109	24218	189976	11.31	214194
110	24170	188269	11.38	212439
111	23785	185269	11.38	209054

CHG context (R2)
================
position	count methylated	count unmethylated	% methylation	coverage
1	10971	812931	1.33	823902
2	10193	815731	1.23	825924
3	7602	806133	0.93	813735
4	6988	803549	0.86	810537
5	6463	801047	0.80	807510
6	5889	798673	0.73	804562
7	5543	795774	0.69	801317
8	5401	791595	0.68	796996
9	5138	791424	0.65	796562
10	5215	789781	0.66	794996
11	4979	787466	0.63	792445
12	4997	787337	0.63	792334
13	4768	785030	0.60	789798
14	4838	781519	0.62	786357
15	4777	777617	0.61	782394
16	4656	772448	0.60	777104
17	4695	772221	0.60	776916
18	4452	768156	0.58	772608
19	4469	765419	0.58	769888
20	4599	759988	0.60	764587
21	4484	755087	0.59	759571
22	4519	752433	0.60	756952
23	4295	745840	0.57	750135
24	4249	741484	0.57	745733
25	4333	735199	0.59	739532
26	4415	729522	0.60	733937
27	4297	726162	0.59	730459
28	4404	718811	0.61	723215
29	4196	714327	0.58	718523
30	4032	708660	0.57	712692
31	4206	702317	0.60	706523
32	4141	697352	0.59	701493
33	4153	690772	0.60	694925
34	4369	686035	0.63	690404
35	3904	679496	0.57	683400
36	3844	672261	0.57	676105
37	3853	666488	0.57	670341
38	3762	662236	0.56	665998
39	3995	654953	0.61	658948
40	3854	649002	0.59	652856
41	3800	642409	0.59	646209
42	3951	638030	0.62	641981
43	3762	628746	0.59	632508
44	3610	624242	0.57	627852
45	3653	618147	0.59	621800
46	3472	612953	0.56	616425
47	3491	606633	0.57	610124
48	3517	601590	0.58	605107
49	3404	594321	0.57	597725
50	3490	588062	0.59	591552
51	3399	581077	0.58	584476
52	3420	576599	0.59	580019
53	3492	566467	0.61	569959
54	3225	562778	0.57	566003
55	3445	557428	0.61	560873
56	3252	550977	0.59	554229
57	3036	546646	0.55	549682
58	3212	539934	0.59	543146
59	3090	533142	0.58	536232
60	3004	527398	0.57	530402
61	3065	521666	0.58	524731
62	2969	514971	0.57	517940
63	3000	509797	0.59	512797
64	2882	504524	0.57	507406
65	3001	498095	0.60	501096
66	2932	493742	0.59	496674
67	2848	488091	0.58	490939
68	2732	480741	0.57	483473
69	2809	476316	0.59	479125
70	2871	469804	0.61	472675
71	2746	464560	0.59	467306
72	2809	460242	0.61	463051
73	2865	452972	0.63	455837
74	2896	449152	0.64	452048
75	2829	441030	0.64	443859
76	2766	436736	0.63	439502
77	2700	435278	0.62	437978
78	2597	426997	0.60	429594
79	2528	422586	0.59	425114
80	2534	418921	0.60	421455
81	2509	414228	0.60	416737
82	2470	408806	0.60	411276
83	2442	404604	0.60	407046
84	2296	399804	0.57	402100
85	2361	394485	0.59	396846
86	2316	388640	0.59	390956
87	2263	385111	0.58	387374
88	2320	380917	0.61	383237
89	2275	377026	0.60	379301
90	2260	370655	0.61	372915
91	2248	367869	0.61	370117
92	2166	363082	0.59	365248
93	2103	358054	0.58	360157
94	2209	354990	0.62	357199
95	2071	348766	0.59	350837
96	2126	345631	0.61	347757
97	2037	341698	0.59	343735
98	2008	338071	0.59	340079
99	2062	333763	0.61	335825
100	1920	329459	0.58	331379
101	1923	325723	0.59	327646
102	1905	320111	0.59	322016
103	1874	317742	0.59	319616
104	1989	313816	0.63	315805
105	1861	310334	0.60	312195
106	1838	305460	0.60	307298
107	1816	302400	0.60	304216
108	1824	298171	0.61	299995
109	1908	294877	0.64	296785
110	1860	291583	0.63	293443
111	1833	289208	0.63	291041

CHH context (R2)
================
position	count methylated	count unmethylated	% methylation	coverage
1	47829	3850107	1.23	3897936
2	43855	3837662	1.13	3881517
3	40955	3822352	1.06	3863307
4	38234	3803780	1.00	3842014
5	35319	3773387	0.93	3808706
6	33620	3747733	0.89	3781353
7	31740	3723058	0.85	3754798
8	30486	3706015	0.82	3736501
9	29690	3686146	0.80	3715836
10	29688	3668418	0.80	3698106
11	27976	3657739	0.76	3685715
12	26927	3636807	0.73	3663734
13	26675	3623114	0.73	3649789
14	25901	3603227	0.71	3629128
15	26021	3580378	0.72	3606399
16	25436	3549449	0.71	3574885
17	24965	3541672	0.70	3566637
18	24432	3517035	0.69	3541467
19	24535	3498636	0.70	3523171
20	24025	3477161	0.69	3501186
21	23839	3449877	0.69	3473716
22	23681	3429840	0.69	3453521
23	23548	3402282	0.69	3425830
24	23157	3379149	0.68	3402306
25	22836	3351597	0.68	3374433
26	23675	3317280	0.71	3340955
27	23106	3298017	0.70	3321123
28	22963	3274404	0.70	3297367
29	22138	3246207	0.68	3268345
30	21971	3222659	0.68	3244630
31	22759	3193787	0.71	3216546
32	21781	3170784	0.68	3192565
33	22575	3134176	0.72	3156751
34	23002	3110177	0.73	3133179
35	21557	3082981	0.69	3104538
36	20974	3058759	0.68	3079733
37	21029	3025779	0.69	3046808
38	21137	2993412	0.70	3014549
39	21029	2970765	0.70	2991794
40	20281	2941800	0.68	2962081
41	20358	2913260	0.69	2933618
42	20896	2889763	0.72	2910659
43	20751	2858996	0.72	2879747
44	19500	2829097	0.68	2848597
45	19477	2799431	0.69	2818908
46	19500	2773566	0.70	2793066
47	18959	2743858	0.69	2762817
48	18973	2715173	0.69	2734146
49	18858	2691979	0.70	2710837
50	18499	2660848	0.69	2679347
51	18270	2631009	0.69	2649279
52	18814	2605539	0.72	2624353
53	18978	2572900	0.73	2591878
54	17763	2551205	0.69	2568968
55	18065	2521774	0.71	2539839
56	17650	2494672	0.70	2512322
57	16947	2468948	0.68	2485895
58	17307	2440691	0.70	2457998
59	16804	2411551	0.69	2428355
60	16632	2386448	0.69	2403080
61	16637	2362329	0.70	2378966
62	16609	2334042	0.71	2350651
63	16212	2307505	0.70	2323717
64	16217	2283222	0.71	2299439
65	16243	2250332	0.72	2266575
66	15647	2229352	0.70	2244999
67	15619	2205398	0.70	2221017
68	15545	2178457	0.71	2194002
69	15346	2155821	0.71	2171167
70	15330	2131764	0.71	2147094
71	15142	2106478	0.71	2121620
72	15070	2081520	0.72	2096590
73	15432	2055127	0.75	2070559
74	15754	2034718	0.77	2050472
75	15634	2006950	0.77	2022584
76	15111	1981736	0.76	1996847
77	14912	1965625	0.75	1980537
78	14360	1939079	0.74	1953439
79	13740	1918671	0.71	1932411
80	13782	1898974	0.72	1912756
81	14121	1875687	0.75	1889808
82	13617	1853769	0.73	1867386
83	13579	1831398	0.74	1844977
84	13508	1812513	0.74	1826021
85	13098	1790717	0.73	1803815
86	13050	1769683	0.73	1782733
87	12756	1745592	0.73	1758348
88	12771	1727672	0.73	1740443
89	12743	1704795	0.74	1717538
90	12627	1686039	0.74	1698666
91	12613	1666032	0.75	1678645
92	12550	1645845	0.76	1658395
93	12289	1627441	0.75	1639730
94	12376	1608813	0.76	1621189
95	12302	1588650	0.77	1600952
96	12226	1568991	0.77	1581217
97	11854	1551536	0.76	1563390
98	11934	1530372	0.77	1542306
99	11944	1510832	0.78	1522776
100	11596	1493444	0.77	1505040
101	11555	1479738	0.77	1491293
102	11358	1459045	0.77	1470403
103	11325	1441627	0.78	1452952
104	11172	1422993	0.78	1434165
105	10953	1405537	0.77	1416490
106	11109	1391238	0.79	1402347
107	10918	1373199	0.79	1384117
108	11086	1354206	0.81	1365292
109	11282	1338836	0.84	1350118
110	10792	1326855	0.81	1337647
111	10414	1309389	0.79	1319803

