CpG context (R1)
================
position	count methylated	count unmethylated	% methylation	coverage
1	76541	653020	10.49	729561
2	76074	648622	10.50	724696
3	76808	646849	10.61	723657
4	77539	651686	10.63	729225
5	77712	644098	10.77	721810
6	76225	647203	10.54	723428
7	77232	647569	10.66	724801
8	77431	646272	10.70	723703
9	77024	654261	10.53	731285
10	78862	661355	10.65	740217
11	78273	656250	10.66	734523
12	78305	654558	10.68	732863
13	78699	658446	10.68	737145
14	78583	652681	10.75	731264
15	78473	653733	10.72	732206
16	78603	650866	10.78	729469
17	78550	654374	10.72	732924
18	78818	655735	10.73	734553
19	78873	656136	10.73	735009
20	78219	659104	10.61	737323
21	78883	654014	10.76	732897
22	79272	665264	10.65	744536
23	78384	652244	10.73	730628
24	79134	656800	10.75	735934
25	79102	649263	10.86	728365
26	78458	650867	10.76	729325
27	79167	650139	10.86	729306
28	79267	652229	10.84	731496
29	78518	653568	10.73	732086
30	79279	649667	10.88	728946
31	79468	657923	10.78	737391
32	79326	657740	10.76	737066
33	80026	658307	10.84	738333
34	80403	656605	10.91	737008
35	79178	653395	10.81	732573
36	78885	654268	10.76	733153
37	80142	656032	10.89	736174
38	79626	657733	10.80	737359
39	79552	656307	10.81	735859
40	79496	657380	10.79	736876
41	79967	655756	10.87	735723
42	79905	658194	10.83	738099
43	80020	659282	10.82	739302
44	79908	659527	10.81	739435
45	79040	656133	10.75	735173
46	80638	657319	10.93	737957
47	80725	657856	10.93	738581
48	81609	658871	11.02	740480
49	80600	658607	10.90	739207
50	80420	657889	10.89	738309
51	80708	658101	10.92	738809
52	79747	655899	10.84	735646
53	80222	661420	10.82	741642
54	79920	656755	10.85	736675
55	80041	659728	10.82	739769
56	80751	657335	10.94	738086
57	81321	657544	11.01	738865
58	80232	656222	10.89	736454
59	80893	655375	10.99	736268
60	80479	655507	10.93	735986
61	81530	657693	11.03	739223
62	81615	658168	11.03	739783
63	81516	657175	11.04	738691
64	80639	660082	10.89	740721
65	81255	656793	11.01	738048
66	80966	656213	10.98	737179
67	80815	655894	10.97	736709
68	81155	654561	11.03	735716
69	81633	656670	11.06	738303
70	80451	654838	10.94	735289
71	81095	657708	10.98	738803
72	80944	654965	11.00	735909
73	81404	656424	11.03	737828
74	82170	655127	11.14	737297
75	80720	649201	11.06	729921
76	80675	649289	11.05	729964
77	80829	646853	11.11	727682
78	81618	649669	11.16	731287
79	81601	652705	11.11	734306
80	81957	651922	11.17	733879
81	81169	651886	11.07	733055
82	81615	651601	11.13	733216
83	81663	650771	11.15	732434
84	81788	651380	11.16	733168
85	82149	649147	11.23	731296
86	81277	648942	11.13	730219
87	82045	650647	11.20	732692
88	82330	649450	11.25	731780
89	82642	647964	11.31	730606
90	82123	647575	11.25	729698
91	82211	645463	11.30	727674
92	83087	643604	11.43	726691
93	82518	642717	11.38	725235
94	82937	643683	11.41	726620
95	82902	642363	11.43	725265
96	82730	639508	11.45	722238
97	82987	637937	11.51	720924
98	82935	637293	11.52	720228
99	83334	635381	11.59	718715
100	82895	637205	11.51	720100
101	83425	634976	11.61	718401
102	84015	635010	11.68	719025
103	83470	629839	11.70	713309
104	83769	629836	11.74	713605
105	83860	627679	11.79	711539
106	83948	627709	11.80	711657
107	84648	625541	11.92	710189
108	84726	622796	11.98	707522
109	84822	621304	12.01	706126
110	85099	616538	12.13	701637
111	94836	627221	13.13	722057

CHG context (R1)
================
position	count methylated	count unmethylated	% methylation	coverage
1	5842	1001721	0.58	1007563
2	5982	998476	0.60	1004458
3	5616	998508	0.56	1004124
4	5835	989335	0.59	995170
5	5970	985501	0.60	991471
6	5889	983073	0.60	988962
7	5908	995641	0.59	1001549
8	5860	989601	0.59	995461
9	5728	999224	0.57	1004952
10	5859	1003777	0.58	1009636
11	5963	1002713	0.59	1008676
12	5917	1008469	0.58	1014386
13	5936	1014592	0.58	1020528
14	5780	1006066	0.57	1011846
15	6034	1004093	0.60	1010127
16	6135	1011524	0.60	1017659
17	6086	1000226	0.60	1006312
18	5816	1004422	0.58	1010238
19	5966	1009108	0.59	1015074
20	5888	1007959	0.58	1013847
21	6005	1009511	0.59	1015516
22	5946	1010945	0.58	1016891
23	5958	1005662	0.59	1011620
24	5937	1007977	0.59	1013914
25	5921	1010975	0.58	1016896
26	6088	1006810	0.60	1012898
27	6290	1010449	0.62	1016739
28	5896	1008183	0.58	1014079
29	5918	1005099	0.59	1011017
30	6159	1006956	0.61	1013115
31	6138	1013679	0.60	1019817
32	6033	1018208	0.59	1024241
33	6057	1016117	0.59	1022174
34	6286	1017059	0.61	1023345
35	6058	1013518	0.59	1019576
36	5869	1014160	0.58	1020029
37	6111	1016181	0.60	1022292
38	6031	1018262	0.59	1024293
39	6134	1011118	0.60	1017252
40	6021	1016675	0.59	1022696
41	6113	1015452	0.60	1021565
42	6293	1016834	0.62	1023127
43	6144	1022222	0.60	1028366
44	6183	1016271	0.60	1022454
45	6180	1018078	0.60	1024258
46	6188	1024418	0.60	1030606
47	6231	1022669	0.61	1028900
48	6193	1014322	0.61	1020515
49	6315	1016065	0.62	1022380
50	6545	1013815	0.64	1020360
51	6344	1013872	0.62	1020216
52	6655	1017842	0.65	1024497
53	6650	1014554	0.65	1021204
54	6704	1015627	0.66	1022331
55	6866	1015942	0.67	1022808
56	6568	1013027	0.64	1019595
57	6873	1013744	0.67	1020617
58	6976	1016611	0.68	1023587
59	6900	1013981	0.68	1020881
60	6925	1013787	0.68	1020712
61	6992	1014079	0.68	1021071
62	7039	1010971	0.69	1018010
63	7065	1013218	0.69	1020283
64	7360	1014001	0.72	1021361
65	7233	1012167	0.71	1019400
66	7291	1012109	0.72	1019400
67	7398	1014595	0.72	1021993
68	7353	1014004	0.72	1021357
69	7653	1012683	0.75	1020336
70	7814	1013836	0.76	1021650
71	7944	1008735	0.78	1016679
72	8087	1009779	0.79	1017866
73	8212	1010122	0.81	1018334
74	8171	1007690	0.80	1015861
75	8004	1008806	0.79	1016810
76	8534	1011004	0.84	1019538
77	8753	1008660	0.86	1017413
78	8899	1010786	0.87	1019685
79	9060	1011128	0.89	1020188
80	9297	1008492	0.91	1017789
81	9394	1006228	0.92	1015622
82	9612	1007052	0.95	1016664
83	9699	1000967	0.96	1010666
84	9872	1004386	0.97	1014258
85	10232	1001232	1.01	1011464
86	10644	1002161	1.05	1012805
87	10819	1001392	1.07	1012211
88	11410	1002377	1.13	1013787
89	11519	997804	1.14	1009323
90	11659	996432	1.16	1008091
91	12299	996640	1.22	1008939
92	12383	993915	1.23	1006298
93	13047	990130	1.30	1003177
94	13362	991605	1.33	1004967
95	13674	988160	1.36	1001834
96	14290	986651	1.43	1000941
97	14532	983334	1.46	997866
98	15056	978345	1.52	993401
99	15490	978307	1.56	993797
100	16566	976503	1.67	993069
101	16912	972480	1.71	989392
102	17211	969651	1.74	986862
103	18107	967259	1.84	985366
104	18703	962503	1.91	981206
105	19239	958622	1.97	977861
106	20156	959275	2.06	979431
107	21323	958647	2.18	979970
108	22552	958136	2.30	980688
109	23229	955888	2.37	979117
110	35172	961892	3.53	997064
111	35211	956820	3.55	992031

CHH context (R1)
================
position	count methylated	count unmethylated	% methylation	coverage
1	29358	4591360	0.64	4620718
2	29436	4582596	0.64	4612032
3	29923	4559152	0.65	4589075
4	30939	4543034	0.68	4573973
5	31744	4539347	0.69	4571091
6	30226	4536922	0.66	4567148
7	30412	4566176	0.66	4596588
8	30272	4558618	0.66	4588890
9	30106	4592866	0.65	4622972
10	31383	4599149	0.68	4630532
11	31181	4611579	0.67	4642760
12	30855	4605432	0.67	4636287
13	30558	4603274	0.66	4633832
14	30493	4585993	0.66	4616486
15	30474	4586113	0.66	4616587
16	31918	4582146	0.69	4614064
17	31274	4562634	0.68	4593908
18	31019	4576392	0.67	4607411
19	30993	4600735	0.67	4631728
20	30433	4614983	0.66	4645416
21	30862	4614152	0.66	4645014
22	31159	4638750	0.67	4669909
23	31477	4598766	0.68	4630243
24	31161	4609180	0.67	4640341
25	31022	4630351	0.67	4661373
26	30734	4606547	0.66	4637281
27	31187	4603232	0.67	4634419
28	31280	4608104	0.67	4639384
29	31326	4587228	0.68	4618554
30	31269	4592693	0.68	4623962
31	31047	4616957	0.67	4648004
32	30739	4623633	0.66	4654372
33	30511	4622041	0.66	4652552
34	31727	4629449	0.68	4661176
35	31906	4615980	0.69	4647886
36	31529	4617444	0.68	4648973
37	31486	4617491	0.68	4648977
38	30486	4609451	0.66	4639937
39	31420	4607540	0.68	4638960
40	32117	4636296	0.69	4668413
41	31812	4637407	0.68	4669219
42	31949	4644308	0.68	4676257
43	31604	4642315	0.68	4673919
44	31491	4637438	0.67	4668929
45	31993	4624546	0.69	4656539
46	33005	4629643	0.71	4662648
47	32709	4622503	0.70	4655212
48	33609	4639615	0.72	4673224
49	33358	4639219	0.71	4672577
50	33507	4624399	0.72	4657906
51	33910	4627620	0.73	4661530
52	34566	4635268	0.74	4669834
53	34831	4624334	0.75	4659165
54	35466	4618651	0.76	4654117
55	34407	4619527	0.74	4653934
56	34589	4616241	0.74	4650830
57	35216	4612749	0.76	4647965
58	36079	4619981	0.77	4656060
59	35933	4613218	0.77	4649151
60	36124	4624025	0.78	4660149
61	36441	4619678	0.78	4656119
62	36748	4610759	0.79	4647507
63	37191	4613470	0.80	4650661
64	37516	4626222	0.80	4663738
65	37715	4622826	0.81	4660541
66	38364	4618651	0.82	4657015
67	38771	4611085	0.83	4649856
68	38850	4611651	0.84	4650501
69	40013	4606135	0.86	4646148
70	40404	4606145	0.87	4646549
71	40952	4600271	0.88	4641223
72	41605	4597968	0.90	4639573
73	41813	4607345	0.90	4649158
74	42671	4601146	0.92	4643817
75	43515	4598069	0.94	4641584
76	44709	4612476	0.96	4657185
77	45287	4595121	0.98	4640408
78	46257	4592238	1.00	4638495
79	47299	4588633	1.02	4635932
80	47893	4578542	1.04	4626435
81	48847	4574018	1.06	4622865
82	50620	4587586	1.09	4638206
83	51645	4584586	1.11	4636231
84	53029	4587912	1.14	4640941
85	53954	4581588	1.16	4635542
86	55641	4565747	1.20	4621388
87	57119	4557127	1.24	4614246
88	58678	4539022	1.28	4597700
89	60220	4525796	1.31	4586016
90	61826	4520685	1.35	4582511
91	63239	4531924	1.38	4595163
92	65458	4527013	1.43	4592471
93	66963	4526076	1.46	4593039
94	69849	4525625	1.52	4595474
95	72370	4507743	1.58	4580113
96	74955	4491167	1.64	4566122
97	76709	4487690	1.68	4564399
98	79712	4473388	1.75	4553100
99	81746	4464684	1.80	4546430
100	85170	4460250	1.87	4545420
101	87870	4445655	1.94	4533525
102	91494	4438316	2.02	4529810
103	95031	4440564	2.10	4535595
104	98047	4432320	2.16	4530367
105	101894	4424187	2.25	4526081
106	107341	4418241	2.37	4525582
107	112858	4401884	2.50	4514742
108	122625	4400544	2.71	4523169
109	125900	4385807	2.79	4511707
110	129501	4366589	2.88	4496090
111	137520	4353733	3.06	4491253

CpG context (R2)
================
position	count methylated	count unmethylated	% methylation	coverage
1	69929	558921	11.12	628850
2	68950	549114	11.16	618064
3	69094	544551	11.26	613645
4	68808	544100	11.23	612908
5	67426	540164	11.10	607590
6	67062	535247	11.13	602309
7	66635	535327	11.07	601962
8	66751	533919	11.11	600670
9	65999	531871	11.04	597870
10	65923	528061	11.10	593984
11	65522	527395	11.05	592917
12	65168	524850	11.05	590018
13	64502	522033	11.00	586535
14	63861	518452	10.97	582313
15	63788	514504	11.03	578292
16	63228	510450	11.02	573678
17	62950	508453	11.02	571403
18	62441	504925	11.01	567366
19	62171	502037	11.02	564208
20	61457	498284	10.98	559741
21	60290	494850	10.86	555140
22	60731	489568	11.04	550299
23	59448	485387	10.91	544835
24	58934	481994	10.89	540928
25	58480	476714	10.93	535194
26	58151	472889	10.95	531040
27	57611	467244	10.98	524855
28	56991	462136	10.98	519127
29	56462	458750	10.96	515212
30	55904	454478	10.95	510382
31	55441	450656	10.95	506097
32	55010	445002	11.00	500012
33	54462	440546	11.00	495008
34	53407	436979	10.89	490386
35	53239	432964	10.95	486203
36	53141	427780	11.05	480921
37	52504	424485	11.01	476989
38	51898	417754	11.05	469652
39	51068	414387	10.97	465455
40	50405	410099	10.95	460504
41	50067	407399	10.94	457466
42	49461	402565	10.94	452026
43	48890	398366	10.93	447256
44	48248	393871	10.91	442119
45	48067	389141	10.99	437208
46	47387	384724	10.97	432111
47	46704	379244	10.96	425948
48	46189	376488	10.93	422677
49	45837	372337	10.96	418174
50	45420	366180	11.03	411600
51	44767	362712	10.99	407479
52	44377	359156	11.00	403533
53	43866	353452	11.04	397318
54	43075	350708	10.94	393783
55	42682	346162	10.98	388844
56	41813	341842	10.90	383655
57	41413	337518	10.93	378931
58	41212	334439	10.97	375651
59	40718	329795	10.99	370513
60	40046	327129	10.91	367175
61	39524	320691	10.97	360215
62	39122	317943	10.96	357065
63	38458	315086	10.88	353544
64	38256	309842	10.99	348098
65	37680	306574	10.95	344254
66	37205	302617	10.95	339822
67	36960	298851	11.01	335811
68	35973	295015	10.87	330988
69	36045	290725	11.03	326770
70	35412	286950	10.99	322362
71	35277	284195	11.04	319472
72	34770	280546	11.03	315316
73	34144	277110	10.97	311254
74	33880	273255	11.03	307135
75	33043	269762	10.91	302805
76	32499	265527	10.90	298026
77	32367	263171	10.95	295538
78	31802	259651	10.91	291453
79	31390	256944	10.89	288334
80	31143	253248	10.95	284391
81	30926	250433	10.99	281359
82	30109	247902	10.83	278011
83	29708	244576	10.83	274284
84	29427	240406	10.91	269833
85	29155	236913	10.96	266068
86	28867	234503	10.96	263370
87	28299	230099	10.95	258398
88	27882	228290	10.88	256172
89	27250	225917	10.76	253167
90	27368	222840	10.94	250208
91	26877	219487	10.91	246364
92	26561	216286	10.94	242847
93	26182	214183	10.89	240365
94	25841	211661	10.88	237502
95	25766	208120	11.02	233886
96	25011	205489	10.85	230500
97	24849	204538	10.83	229387
98	24373	200730	10.83	225103
99	24143	197959	10.87	222102
100	23843	194759	10.91	218602
101	23588	192770	10.90	216358
102	23501	190155	11.00	213656
103	22812	188355	10.80	211167
104	22626	186450	10.82	209076
105	22454	183085	10.92	205539
106	22271	179867	11.02	202138
107	21292	178688	10.65	199980
108	21389	176408	10.81	197797
109	21171	175061	10.79	196232
110	20881	172633	10.79	193514
111	20497	170073	10.76	190570

CHG context (R2)
================
position	count methylated	count unmethylated	% methylation	coverage
1	11581	840241	1.36	851822
2	10635	839320	1.25	849955
3	7754	825992	0.93	833746
4	6969	823472	0.84	830441
5	6697	819129	0.81	825826
6	5893	812790	0.72	818683
7	5499	807640	0.68	813139
8	5282	804226	0.65	809508
9	5150	802114	0.64	807264
10	5181	797274	0.65	802455
11	4760	795522	0.59	800282
12	4748	789931	0.60	794679
13	4641	787542	0.59	792183
14	4526	783310	0.57	787836
15	4677	779333	0.60	784010
16	4558	773440	0.59	777998
17	4339	771949	0.56	776288
18	4276	766740	0.55	771016
19	4213	761265	0.55	765478
20	4334	754876	0.57	759210
21	4183	751006	0.55	755189
22	4124	744422	0.55	748546
23	4216	737327	0.57	741543
24	3960	731451	0.54	735411
25	4042	726390	0.55	730432
26	4048	719217	0.56	723265
27	3927	713850	0.55	717777
28	3984	707524	0.56	711508
29	3918	700479	0.56	704397
30	3869	694547	0.55	698416
31	3934	686911	0.57	690845
32	3743	680703	0.55	684446
33	3822	673557	0.56	677379
34	3927	667580	0.58	671507
35	3663	661832	0.55	665495
36	3634	656688	0.55	660322
37	3564	649409	0.55	652973
38	3710	642312	0.57	646022
39	3613	636352	0.56	639965
40	3539	628244	0.56	631783
41	3481	622219	0.56	625700
42	3632	615761	0.59	619393
43	3629	607388	0.59	611017
44	3240	602375	0.53	605615
45	3298	594872	0.55	598170
46	3283	590302	0.55	593585
47	3278	583074	0.56	586352
48	3120	576769	0.54	579889
49	3204	570617	0.56	573821
50	3133	564203	0.55	567336
51	3069	557447	0.55	560516
52	3086	549799	0.56	552885
53	3202	543480	0.59	546682
54	2892	538199	0.53	541091
55	3032	531104	0.57	534136
56	2929	526486	0.55	529415
57	2851	519427	0.55	522278
58	2736	513752	0.53	516488
59	2904	508337	0.57	511241
60	2831	501802	0.56	504633
61	2769	495474	0.56	498243
62	2700	489425	0.55	492125
63	2626	483547	0.54	486173
64	2721	477316	0.57	480037
65	2685	471382	0.57	474067
66	2569	465793	0.55	468362
67	2560	459131	0.55	461691
68	2462	454722	0.54	457184
69	2552	449256	0.56	451808
70	2403	443763	0.54	446166
71	2486	438427	0.56	440913
72	2437	431095	0.56	433532
73	2561	425745	0.60	428306
74	2608	421582	0.61	424190
75	2496	415426	0.60	417922
76	2412	410014	0.58	412426
77	2382	405005	0.58	407387
78	2277	400695	0.57	402972
79	2216	396332	0.56	398548
80	2139	390177	0.55	392316
81	2185	387155	0.56	389340
82	2171	381854	0.57	384025
83	2184	376554	0.58	378738
84	2046	371479	0.55	373525
85	2069	367250	0.56	369319
86	2021	362461	0.55	364482
87	2117	357447	0.59	359564
88	2022	352721	0.57	354743
89	1996	348796	0.57	350792
90	1947	345891	0.56	347838
91	2004	340573	0.58	342577
92	1939	336625	0.57	338564
93	1912	332505	0.57	334417
94	1907	327138	0.58	329045
95	1790	323825	0.55	325615
96	1861	319480	0.58	321341
97	1754	314910	0.55	316664
98	1836	311676	0.59	313512
99	1776	306689	0.58	308465
100	1772	303168	0.58	304940
101	1646	300545	0.54	302191
102	1682	294701	0.57	296383
103	1722	291457	0.59	293179
104	1704	287925	0.59	289629
105	1664	283762	0.58	285426
106	1649	279273	0.59	280922
107	1575	274651	0.57	276226
108	1610	272523	0.59	274133
109	1595	268964	0.59	270559
110	1645	265364	0.62	267009
111	1469	263014	0.56	264483

CHH context (R2)
================
position	count methylated	count unmethylated	% methylation	coverage
1	49911	3978021	1.24	4027932
2	45574	3959496	1.14	4005070
3	42232	3938579	1.06	3980811
4	38947	3912825	0.99	3951772
5	35522	3876278	0.91	3911800
6	33329	3841583	0.86	3874912
7	31334	3817628	0.81	3848962
8	29995	3792475	0.78	3822470
9	28689	3770883	0.76	3799572
10	28432	3746345	0.75	3774777
11	26468	3728787	0.70	3755255
12	25801	3704464	0.69	3730265
13	25199	3674434	0.68	3699633
14	24479	3648225	0.67	3672704
15	24377	3624498	0.67	3648875
16	23777	3588126	0.66	3611903
17	23281	3568946	0.65	3592227
18	22774	3544559	0.64	3567333
19	22511	3520421	0.64	3542932
20	22253	3492013	0.63	3514266
21	21994	3464276	0.63	3486270
22	21777	3432841	0.63	3454618
23	21339	3399799	0.62	3421138
24	21568	3368538	0.64	3390106
25	21112	3339577	0.63	3360689
26	21513	3307056	0.65	3328569
27	21192	3277061	0.64	3298253
28	20995	3250306	0.64	3271301
29	20471	3221522	0.63	3241993
30	20076	3197151	0.62	3217227
31	20858	3163266	0.66	3184124
32	19792	3134486	0.63	3154278
33	20187	3098732	0.65	3118919
34	20478	3068514	0.66	3088992
35	19207	3035852	0.63	3055059
36	18978	3002637	0.63	3021615
37	18950	2967963	0.63	2986913
38	18968	2937555	0.64	2956523
39	18946	2909489	0.65	2928435
40	18458	2874685	0.64	2893143
41	18456	2846954	0.64	2865410
42	18521	2813548	0.65	2832069
43	18502	2785986	0.66	2804488
44	17689	2751975	0.64	2769664
45	17533	2717654	0.64	2735187
46	17439	2685206	0.65	2702645
47	17036	2659046	0.64	2676082
48	16875	2629316	0.64	2646191
49	16831	2598014	0.64	2614845
50	16697	2572168	0.64	2588865
51	16461	2541913	0.64	2558374
52	16565	2512329	0.66	2528894
53	16718	2476794	0.67	2493512
54	15814	2452033	0.64	2467847
55	16118	2424222	0.66	2440340
56	15654	2389023	0.65	2404677
57	15568	2363060	0.65	2378628
58	14998	2334060	0.64	2349058
59	15127	2307255	0.65	2322382
60	14854	2275668	0.65	2290522
61	14989	2251570	0.66	2266559
62	14362	2223037	0.64	2237399
63	14280	2192630	0.65	2206910
64	14271	2165813	0.65	2180084
65	13892	2136552	0.65	2150444
66	13738	2112836	0.65	2126574
67	13530	2089683	0.64	2103213
68	13473	2061253	0.65	2074726
69	13471	2037814	0.66	2051285
70	13307	2013608	0.66	2026915
71	13234	1986990	0.66	2000224
72	13055	1965113	0.66	1978168
73	13457	1936860	0.69	1950317
74	13711	1913705	0.71	1927416
75	13482	1888141	0.71	1901623
76	13116	1864700	0.70	1877816
77	12746	1843646	0.69	1856392
78	12524	1819201	0.68	1831725
79	12290	1797693	0.68	1809983
80	12275	1774475	0.69	1786750
81	12043	1754547	0.68	1766590
82	11822	1732523	0.68	1744345
83	11441	1711898	0.66	1723339
84	11487	1687106	0.68	1698593
85	11436	1670237	0.68	1681673
86	11464	1645059	0.69	1656523
87	11127	1620713	0.68	1631840
88	10902	1604603	0.67	1615505
89	11223	1584384	0.70	1595607
90	10909	1562643	0.69	1573552
91	10957	1546280	0.70	1557237
92	10722	1523363	0.70	1534085
93	10683	1506490	0.70	1517173
94	10565	1486880	0.71	1497445
95	10268	1466015	0.70	1476283
96	10453	1445820	0.72	1456273
97	10010	1428591	0.70	1438601
98	10260	1407872	0.72	1418132
99	10347	1390851	0.74	1401198
100	10067	1372637	0.73	1382704
101	9921	1355513	0.73	1365434
102	9829	1336866	0.73	1346695
103	9624	1322704	0.72	1332328
104	9729	1305438	0.74	1315167
105	9556	1286923	0.74	1296479
106	9600	1271775	0.75	1281375
107	9388	1252125	0.74	1261513
108	9512	1236786	0.76	1246298
109	9471	1221262	0.77	1230733
110	9255	1208819	0.76	1218074
111	9073	1191822	0.76	1200895

