CpG context (R1)
================
position	count methylated	count unmethylated	% methylation	coverage
1	76937	663938	10.38	740875
2	76633	654552	10.48	731185
3	78904	656498	10.73	735402
4	78219	644431	10.82	722650
5	77720	641723	10.80	719443
6	77782	650245	10.68	728027
7	77519	655530	10.57	733049
8	77484	654456	10.59	731940
9	79138	661981	10.68	741119
10	80708	671761	10.73	752469
11	78977	667025	10.59	746002
12	78651	659490	10.66	738141
13	79711	662880	10.73	742591
14	80013	654861	10.89	734874
15	80137	654455	10.91	734592
16	80224	658026	10.87	738250
17	79455	660829	10.73	740284
18	80104	667961	10.71	748065
19	80661	665682	10.81	746343
20	81294	671397	10.80	752691
21	81264	665426	10.88	746690
22	81404	679869	10.69	761273
23	80675	661708	10.87	742383
24	81992	661670	11.03	743662
25	80341	649693	11.01	730034
26	80889	654821	10.99	735710
27	81272	658236	10.99	739508
28	81330	664632	10.90	745962
29	80886	670493	10.77	751379
30	82053	665017	10.98	747070
31	82070	673998	10.85	756068
32	82045	671749	10.88	753794
33	82859	674150	10.95	757009
34	83903	668805	11.15	752708
35	81684	657592	11.05	739276
36	81492	662169	10.96	743661
37	83528	669048	11.10	752576
38	82305	669842	10.94	752147
39	81677	671215	10.85	752892
40	82553	672723	10.93	755276
41	83207	671245	11.03	754452
42	83287	675553	10.98	758840
43	83754	674016	11.05	757770
44	83392	673499	11.02	756891
45	81882	666413	10.94	748295
46	83687	668411	11.13	752098
47	84619	677699	11.10	762318
48	84615	674932	11.14	759547
49	83230	676145	10.96	759375
50	83828	674954	11.05	758782
51	84285	676307	11.08	760592
52	83396	676201	10.98	759597
53	83139	678335	10.92	761474
54	82228	667894	10.96	750122
55	82610	672439	10.94	755049
56	83121	668687	11.06	751808
57	83893	672134	11.10	756027
58	84144	675202	11.08	759346
59	83103	672782	10.99	755885
60	84422	676456	11.10	760878
61	85543	680090	11.17	765633
62	85630	677785	11.22	763415
63	84652	671132	11.20	755784
64	84273	677464	11.06	761737
65	84355	671774	11.16	756129
66	84351	668587	11.20	752938
67	83612	669124	11.11	752736
68	85018	675161	11.18	760179
69	84307	676238	11.09	760545
70	83905	676220	11.04	760125
71	84156	684688	10.95	768844
72	83858	677761	11.01	761619
73	84692	677693	11.11	762385
74	84559	672213	11.17	756772
75	83343	666048	11.12	749391
76	83287	662133	11.17	745420
77	84874	661700	11.37	746574
78	84324	668207	11.21	752531
79	84689	673494	11.17	758183
80	84633	676954	11.11	761587
81	84830	670970	11.22	755800
82	85140	673936	11.22	759076
83	84652	669792	11.22	754444
84	84734	672281	11.19	757015
85	84559	667033	11.25	751592
86	84174	663220	11.26	747394
87	84547	671855	11.18	756402
88	84271	660590	11.31	744861
89	84403	669953	11.19	754356
90	84554	668768	11.22	753322
91	85199	671789	11.26	756988
92	85613	664688	11.41	750301
93	84945	663562	11.35	748507
94	85017	659009	11.43	744026
95	84177	657855	11.34	742032
96	84321	654362	11.42	738683
97	84409	651191	11.47	735600
98	84922	651993	11.52	736915
99	84744	651826	11.51	736570
100	85045	658759	11.43	743804
101	84516	657207	11.39	741723
102	84832	658422	11.41	743254
103	84771	656272	11.44	741043
104	85075	648881	11.59	733956
105	84791	647316	11.58	732107
106	85163	642667	11.70	727830
107	85349	640824	11.75	726173
108	85377	636335	11.83	721712
109	85240	637090	11.80	722330
110	85963	637195	11.89	723158
111	91872	646646	12.44	738518

CHG context (R1)
================
position	count methylated	count unmethylated	% methylation	coverage
1	5879	954759	0.61	960638
2	5818	959353	0.60	965171
3	5707	949349	0.60	955056
4	5932	944639	0.62	950571
5	5802	938080	0.61	943882
6	5683	936753	0.60	942436
7	5716	944955	0.60	950671
8	5767	934716	0.61	940483
9	5584	944488	0.59	950072
10	5675	951199	0.59	956874
11	5780	953984	0.60	959764
12	5835	962999	0.60	968834
13	5686	968595	0.58	974281
14	5773	968009	0.59	973782
15	5997	965961	0.62	971958
16	5990	962343	0.62	968333
17	5791	956496	0.60	962287
18	5817	956079	0.60	961896
19	5799	960529	0.60	966328
20	5735	960079	0.59	965814
21	5826	964568	0.60	970394
22	5740	968667	0.59	974407
23	5753	967088	0.59	972841
24	5799	975282	0.59	981081
25	5955	977961	0.61	983916
26	5736	964424	0.59	970160
27	6033	974378	0.62	980411
28	5768	966858	0.59	972626
29	5822	961434	0.60	967256
30	5911	958483	0.61	964394
31	6050	969552	0.62	975602
32	5765	978907	0.59	984672
33	6051	979794	0.61	985845
34	6211	986975	0.63	993186
35	5996	977213	0.61	983209
36	5905	982223	0.60	988128
37	5949	979654	0.60	985603
38	6042	975061	0.62	981103
39	5971	969027	0.61	974998
40	5977	968367	0.61	974344
41	6074	973899	0.62	979973
42	5923	983317	0.60	989240
43	5994	989239	0.60	995233
44	6104	984101	0.62	990205
45	5957	991995	0.60	997952
46	6083	997623	0.61	1003706
47	6032	992624	0.60	998656
48	6132	979071	0.62	985203
49	6100	977844	0.62	983944
50	6146	973195	0.63	979341
51	6317	980461	0.64	986778
52	6250	984692	0.63	990942
53	6276	979085	0.64	985361
54	6510	981049	0.66	987559
55	6563	985520	0.66	992083
56	6624	981630	0.67	988254
57	6600	984285	0.67	990885
58	6548	983539	0.66	990087
59	6527	982358	0.66	988885
60	6682	982559	0.68	989241
61	6848	983209	0.69	990057
62	6681	973598	0.68	980279
63	6822	978782	0.69	985604
64	6866	982662	0.69	989528
65	6906	981579	0.70	988485
66	6932	981853	0.70	988785
67	7135	984110	0.72	991245
68	7135	982010	0.72	989145
69	7041	978297	0.71	985338
70	7202	982296	0.73	989498
71	7184	979403	0.73	986587
72	7213	983261	0.73	990474
73	7393	979989	0.75	987382
74	7387	974529	0.75	981916
75	7683	978212	0.78	985895
76	7492	981691	0.76	989183
77	7873	979396	0.80	987269
78	7898	981801	0.80	989699
79	8032	982311	0.81	990343
80	7946	976634	0.81	984580
81	8357	978351	0.85	986708
82	8278	975279	0.84	983557
83	8442	972108	0.86	980550
84	8541	974749	0.87	983290
85	9043	969945	0.92	978988
86	9152	972023	0.93	981175
87	9165	968476	0.94	977641
88	9495	971871	0.97	981366
89	9538	965954	0.98	975492
90	9776	964431	1.00	974207
91	10246	964879	1.05	975125
92	10595	964059	1.09	974654
93	10419	959760	1.07	970179
94	11018	961464	1.13	972482
95	11259	958076	1.16	969335
96	11648	958028	1.20	969676
97	12089	951933	1.25	964022
98	12540	948560	1.30	961100
99	12751	948717	1.33	961468
100	13256	950087	1.38	963343
101	13252	945186	1.38	958438
102	13866	943190	1.45	957056
103	14361	936843	1.51	951204
104	14777	934346	1.56	949123
105	15550	931763	1.64	947313
106	16097	929333	1.70	945430
107	17034	929167	1.80	946201
108	17604	930254	1.86	947858
109	18349	927330	1.94	945679
110	27261	933187	2.84	960448
111	26579	928988	2.78	955567

CHH context (R1)
================
position	count methylated	count unmethylated	% methylation	coverage
1	31452	4233272	0.74	4264724
2	30394	4209080	0.72	4239474
3	31355	4186673	0.74	4218028
4	31825	4144906	0.76	4176731
5	33371	4112211	0.80	4145582
6	32121	4113874	0.77	4145995
7	31588	4154871	0.75	4186459
8	31720	4144222	0.76	4175942
9	31378	4215641	0.74	4247019
10	32873	4246388	0.77	4279261
11	33195	4261915	0.77	4295110
12	32852	4240197	0.77	4273049
13	31966	4224859	0.75	4256825
14	31765	4187848	0.75	4219613
15	31631	4180396	0.75	4212027
16	33372	4163740	0.80	4197112
17	33408	4150257	0.80	4183665
18	32142	4184934	0.76	4217076
19	32157	4227864	0.75	4260021
20	32453	4256663	0.76	4289116
21	32700	4271350	0.76	4304050
22	32603	4275482	0.76	4308085
23	33573	4235028	0.79	4268601
24	32931	4252140	0.77	4285071
25	32902	4245536	0.77	4278438
26	31589	4196055	0.75	4227644
27	32742	4200466	0.77	4233208
28	32933	4198142	0.78	4231075
29	33194	4203258	0.78	4236452
30	33046	4226104	0.78	4259150
31	33303	4266879	0.77	4300182
32	32584	4265369	0.76	4297953
33	32546	4262625	0.76	4295171
34	33413	4275448	0.78	4308861
35	33949	4242533	0.79	4276482
36	32926	4224928	0.77	4257854
37	33081	4225961	0.78	4259042
38	32129	4222118	0.76	4254247
39	33151	4221602	0.78	4254753
40	33796	4282618	0.78	4316414
41	33641	4303393	0.78	4337034
42	33381	4310058	0.77	4343439
43	33269	4297063	0.77	4330332
44	33158	4268335	0.77	4301493
45	32745	4244443	0.77	4277188
46	33933	4238161	0.79	4272094
47	34211	4236652	0.80	4270863
48	34143	4266297	0.79	4300440
49	34875	4261865	0.81	4296740
50	34790	4259053	0.81	4293843
51	34779	4285271	0.81	4320050
52	35569	4297613	0.82	4333182
53	35930	4277158	0.83	4313088
54	36343	4256120	0.85	4292463
55	35631	4237449	0.83	4273080
56	35044	4224513	0.82	4259557
57	35667	4219328	0.84	4254995
58	35633	4237000	0.83	4272633
59	36237	4247375	0.85	4283612
60	36699	4270994	0.85	4307693
61	37181	4279042	0.86	4316223
62	36947	4277542	0.86	4314489
63	37117	4271426	0.86	4308543
64	37552	4271825	0.87	4309377
65	37431	4260285	0.87	4297716
66	37721	4238700	0.88	4276421
67	37991	4219446	0.89	4257437
68	37935	4225048	0.89	4262983
69	38485	4233684	0.90	4272169
70	39058	4253351	0.91	4292409
71	40043	4272139	0.93	4312182
72	40079	4275758	0.93	4315837
73	40626	4268202	0.94	4308828
74	40313	4256606	0.94	4296919
75	40397	4238808	0.94	4279205
76	41637	4233843	0.97	4275480
77	42154	4212654	0.99	4254808
78	41920	4212985	0.99	4254905
79	43032	4219406	1.01	4262438
80	43784	4231761	1.02	4275545
81	44441	4242747	1.04	4287188
82	45606	4260057	1.06	4305663
83	46495	4251638	1.08	4298133
84	47263	4253202	1.10	4300465
85	48125	4242429	1.12	4290554
86	49622	4207835	1.17	4257457
87	49489	4195183	1.17	4244672
88	50893	4162592	1.21	4213485
89	51631	4163299	1.22	4214930
90	52771	4166044	1.25	4218815
91	54202	4191780	1.28	4245982
92	55880	4202927	1.31	4258807
93	56992	4205908	1.34	4262900
94	58943	4207532	1.38	4266475
95	60022	4181274	1.42	4241296
96	62592	4150898	1.49	4213490
97	63336	4133869	1.51	4197205
98	65439	4129220	1.56	4194659
99	67640	4124719	1.61	4192359
100	69993	4133091	1.67	4203084
101	72491	4134886	1.72	4207377
102	74541	4134882	1.77	4209423
103	76764	4145694	1.82	4222458
104	78894	4136302	1.87	4215196
105	82652	4120437	1.97	4203089
106	86630	4106863	2.07	4193493
107	90265	4089012	2.16	4179277
108	97540	4080512	2.33	4178052
109	100869	4069431	2.42	4170300
110	103707	4050626	2.50	4154333
111	108402	4050277	2.61	4158679

CpG context (R2)
================
position	count methylated	count unmethylated	% methylation	coverage
1	71956	583617	10.98	655573
2	71485	573502	11.08	644987
3	71917	570414	11.20	642331
4	70946	565831	11.14	636777
5	70592	561626	11.17	632218
6	70108	558134	11.16	628242
7	69472	556764	11.09	626236
8	69380	555269	11.11	624649
9	69311	553287	11.13	622598
10	68520	551103	11.06	619623
11	69133	548729	11.19	617862
12	68500	546649	11.14	615149
13	67791	543036	11.10	610827
14	67570	536243	11.19	603813
15	66833	532240	11.16	599073
16	65878	527593	11.10	593471
17	66231	525122	11.20	591353
18	65544	522277	11.15	587821
19	64774	518740	11.10	583514
20	64237	515397	11.08	579634
21	64142	513227	11.11	577369
22	63019	507747	11.04	570766
23	62536	504341	11.03	566877
24	61689	498579	11.01	560268
25	61719	494533	11.10	556252
26	61022	488467	11.11	549489
27	60388	483071	11.11	543459
28	59600	479299	11.06	538899
29	59227	475080	11.08	534307
30	58226	471791	10.99	530017
31	58045	465814	11.08	523859
32	57087	461563	11.01	518650
33	56315	458292	10.94	514607
34	56447	452124	11.10	508571
35	55825	447698	11.09	503523
36	55159	443532	11.06	498691
37	54167	437742	11.01	491909
38	53281	434827	10.92	488108
39	53135	428108	11.04	481243
40	52556	424750	11.01	477306
41	51544	420150	10.93	471694
42	51468	416470	11.00	467938
43	50858	412458	10.98	463316
44	49908	408061	10.90	457969
45	49359	402727	10.92	452086
46	48731	398278	10.90	447009
47	48177	391484	10.96	439661
48	47637	386492	10.97	434129
49	46887	381904	10.93	428791
50	46311	378300	10.91	424611
51	46048	373126	10.99	419174
52	45254	369153	10.92	414407
53	45202	365406	11.01	410608
54	44202	360073	10.93	404275
55	43759	356150	10.94	399909
56	43273	351957	10.95	395230
57	42433	347117	10.89	389550
58	41972	342747	10.91	384719
59	41551	338674	10.93	380225
60	40752	334874	10.85	375626
61	40168	329782	10.86	369950
62	39794	326062	10.88	365856
63	39273	320945	10.90	360218
64	38653	316318	10.89	354971
65	37931	311736	10.85	349667
66	37878	308128	10.95	346006
67	37291	304016	10.93	341307
68	36360	299790	10.82	336150
69	36146	296317	10.87	332463
70	35535	293121	10.81	328656
71	35042	288298	10.84	323340
72	34765	284398	10.89	319163
73	34012	281141	10.79	315153
74	33970	277180	10.92	311150
75	33051	272524	10.82	305575
76	32936	270142	10.87	303078
77	32309	266119	10.83	298428
78	31645	262143	10.77	293788
79	31355	259466	10.78	290821
80	31041	255453	10.83	286494
81	30308	251558	10.75	281866
82	30222	249545	10.80	279767
83	29515	245173	10.74	274688
84	29337	242120	10.81	271457
85	28842	237758	10.82	266600
86	28562	233816	10.89	262378
87	27923	230285	10.81	258208
88	27263	227746	10.69	255009
89	27022	224270	10.75	251292
90	27042	221892	10.86	248934
91	26202	218956	10.69	245158
92	25961	215511	10.75	241472
93	25721	213460	10.75	239181
94	25411	210338	10.78	235749
95	25013	207228	10.77	232241
96	24624	204785	10.73	229409
97	23977	201645	10.63	225622
98	24119	198445	10.84	222564
99	23534	196180	10.71	219714
100	23202	192667	10.75	215869
101	22735	190870	10.64	213605
102	22481	187445	10.71	209926
103	22029	184326	10.68	206355
104	22049	182779	10.76	204828
105	21439	180852	10.60	202291
106	21077	177200	10.63	198277
107	20487	174222	10.52	194709
108	20414	172283	10.59	192697
109	20166	169941	10.61	190107
110	19867	167690	10.59	187557
111	19487	165123	10.56	184610

CHG context (R2)
================
position	count methylated	count unmethylated	% methylation	coverage
1	9408	821594	1.13	831002
2	8966	822529	1.08	831495
3	7018	812944	0.86	819962
4	6456	807705	0.79	814161
5	6151	800760	0.76	806911
6	5492	797007	0.68	802499
7	5277	791517	0.66	796794
8	5068	788421	0.64	793489
9	5066	783257	0.64	788323
10	5103	782418	0.65	787521
11	4728	777325	0.60	782053
12	4663	774455	0.60	779118
13	4652	770856	0.60	775508
14	4501	765637	0.58	770138
15	4576	759341	0.60	763917
16	4465	753348	0.59	757813
17	4272	752464	0.56	756736
18	4206	748880	0.56	753086
19	4176	744521	0.56	748697
20	4209	738800	0.57	743009
21	4267	734044	0.58	738311
22	4194	729678	0.57	733872
23	3962	721618	0.55	725580
24	4143	717698	0.57	721841
25	4054	711173	0.57	715227
26	4030	706187	0.57	710217
27	4075	700676	0.58	704751
28	3996	692982	0.57	696978
29	3928	686440	0.57	690368
30	3848	679218	0.56	683066
31	3941	674424	0.58	678365
32	3812	668793	0.57	672605
33	3838	660838	0.58	664676
34	3956	655240	0.60	659196
35	3699	650904	0.57	654603
36	3689	644914	0.57	648603
37	3674	635528	0.57	639202
38	3714	629654	0.59	633368
39	3574	622057	0.57	625631
40	3499	616792	0.56	620291
41	3568	611276	0.58	614844
42	3560	603012	0.59	606572
43	3716	597321	0.62	601037
44	3334	590176	0.56	593510
45	3298	583479	0.56	586777
46	3299	577863	0.57	581162
47	3202	573762	0.55	576964
48	3253	565780	0.57	569033
49	3163	560268	0.56	563431
50	3023	552992	0.54	556015
51	3166	546128	0.58	549294
52	3100	539346	0.57	542446
53	3235	532314	0.60	535549
54	3065	528230	0.58	531295
55	3043	521855	0.58	524898
56	2913	515872	0.56	518785
57	2974	509556	0.58	512530
58	2828	504221	0.56	507049
59	2873	497784	0.57	500657
60	2728	491270	0.55	493998
61	2713	484665	0.56	487378
62	2683	479060	0.56	481743
63	2636	471677	0.56	474313
64	2703	466442	0.58	469145
65	2588	458495	0.56	461083
66	2564	453424	0.56	455988
67	2493	448811	0.55	451304
68	2538	443334	0.57	445872
69	2431	438725	0.55	441156
70	2382	431636	0.55	434018
71	2468	425870	0.58	428338
72	2480	420179	0.59	422659
73	2527	413468	0.61	415995
74	2602	409097	0.63	411699
75	2491	402987	0.61	405478
76	2372	397636	0.59	400008
77	2335	393696	0.59	396031
78	2296	387812	0.59	390108
79	2112	383686	0.55	385798
80	2119	377955	0.56	380074
81	2178	373909	0.58	376087
82	2057	366849	0.56	368906
83	2088	362567	0.57	364655
84	2012	357412	0.56	359424
85	1947	352186	0.55	354133
86	1999	347414	0.57	349413
87	1963	343602	0.57	345565
88	1913	337904	0.56	339817
89	1912	333895	0.57	335807
90	1848	329747	0.56	331595
91	1837	325314	0.56	327151
92	1829	321684	0.57	323513
93	1910	317011	0.60	318921
94	1670	311865	0.53	313535
95	1793	308151	0.58	309944
96	1803	303007	0.59	304810
97	1726	299131	0.57	300857
98	1688	295169	0.57	296857
99	1724	291153	0.59	292877
100	1680	286441	0.58	288121
101	1662	282653	0.58	284315
102	1671	278399	0.60	280070
103	1577	275378	0.57	276955
104	1570	270791	0.58	272361
105	1588	267393	0.59	268981
106	1603	263403	0.60	265006
107	1511	259526	0.58	261037
108	1586	254682	0.62	256268
109	1600	251482	0.63	253082
110	1538	250081	0.61	251619
111	1502	246457	0.61	247959

CHH context (R2)
================
position	count methylated	count unmethylated	% methylation	coverage
1	42954	3747689	1.13	3790643
2	39825	3730490	1.06	3770315
3	38230	3702928	1.02	3741158
4	35982	3679009	0.97	3714991
5	33978	3650259	0.92	3684237
6	31860	3621840	0.87	3653700
7	30645	3603211	0.84	3633856
8	29375	3583964	0.81	3613339
9	28650	3565342	0.80	3593992
10	28440	3541399	0.80	3569839
11	26926	3521752	0.76	3548678
12	25993	3497305	0.74	3523298
13	25812	3467773	0.74	3493585
14	25314	3433688	0.73	3459002
15	25308	3406021	0.74	3431329
16	24541	3373266	0.72	3397807
17	24029	3367242	0.71	3391271
18	23591	3346580	0.70	3370171
19	23808	3327106	0.71	3350914
20	23361	3307097	0.70	3330458
21	22934	3278686	0.69	3301620
22	22597	3247846	0.69	3270443
23	22037	3217412	0.68	3239449
24	22571	3180405	0.70	3202976
25	22237	3151453	0.70	3173690
26	22581	3121327	0.72	3143908
27	22122	3097244	0.71	3119366
28	21984	3077990	0.71	3099974
29	21103	3054066	0.69	3075169
30	20846	3031660	0.68	3052506
31	21919	3001769	0.72	3023688
32	20561	2971339	0.69	2991900
33	21201	2937871	0.72	2959072
34	21763	2906442	0.74	2928205
35	19719	2873337	0.68	2893056
36	19783	2845680	0.69	2865463
37	19745	2811949	0.70	2831694
38	19482	2785330	0.69	2804812
39	19737	2758299	0.71	2778036
40	19139	2731401	0.70	2750540
41	18713	2703946	0.69	2722659
42	19163	2672905	0.71	2692068
43	19315	2644361	0.73	2663676
44	17958	2612128	0.68	2630086
45	17986	2581014	0.69	2599000
46	17892	2549450	0.70	2567342
47	17414	2515856	0.69	2533270
48	17474	2489948	0.70	2507422
49	17181	2464137	0.69	2481318
50	16898	2434299	0.69	2451197
51	16714	2405325	0.69	2422039
52	17146	2377864	0.72	2395010
53	17268	2340206	0.73	2357474
54	15993	2317368	0.69	2333361
55	16537	2285455	0.72	2301992
56	15726	2257121	0.69	2272847
57	15454	2228607	0.69	2244061
58	15466	2200106	0.70	2215572
59	15442	2173601	0.71	2189043
60	15095	2146736	0.70	2161831
61	14986	2118250	0.70	2133236
62	14519	2090716	0.69	2105235
63	14511	2065316	0.70	2079827
64	14420	2036255	0.70	2050675
65	14234	2004269	0.71	2018503
66	13987	1979708	0.70	1993695
67	13778	1958413	0.70	1972191
68	13825	1928464	0.71	1942289
69	13684	1908601	0.71	1922285
70	13529	1885035	0.71	1898564
71	13635	1859304	0.73	1872939
72	13499	1836306	0.73	1849805
73	13711	1811523	0.75	1825234
74	13916	1788907	0.77	1802823
75	13596	1761486	0.77	1775082
76	13375	1734619	0.77	1747994
77	13120	1717860	0.76	1730980
78	12608	1692580	0.74	1705188
79	12217	1674000	0.72	1686217
80	12027	1650854	0.72	1662881
81	12283	1629673	0.75	1641956
82	11692	1606320	0.72	1618012
83	11842	1585127	0.74	1596969
84	11666	1563879	0.74	1575545
85	11508	1542118	0.74	1553626
86	11274	1519896	0.74	1531170
87	11252	1493456	0.75	1504708
88	11022	1477542	0.74	1488564
89	10879	1457946	0.74	1468825
90	10844	1440068	0.75	1450912
91	10927	1418978	0.76	1429905
92	10671	1403175	0.75	1413846
93	10444	1384792	0.75	1395236
94	10628	1362112	0.77	1372740
95	10457	1343652	0.77	1354109
96	10502	1326322	0.79	1336824
97	10077	1308044	0.76	1318121
98	10022	1287902	0.77	1297924
99	10031	1267925	0.78	1277956
100	9841	1254064	0.78	1263905
101	9721	1239080	0.78	1248801
102	9930	1221275	0.81	1231205
103	9498	1205467	0.78	1214965
104	9464	1188951	0.79	1198415
105	9228	1171484	0.78	1180712
106	9314	1153783	0.80	1163097
107	9161	1139381	0.80	1148542
108	9402	1121341	0.83	1130743
109	9475	1107002	0.85	1116477
110	9026	1096594	0.82	1105620
111	8909	1079621	0.82	1088530

