CpG context (R1)
================
position	count methylated	count unmethylated	% methylation	coverage
1	72805	619540	10.52	692345
2	72653	614586	10.57	687239
3	72860	614072	10.61	686932
4	74229	615220	10.77	689449
5	74001	610253	10.81	684254
6	73508	612885	10.71	686393
7	73243	613325	10.67	686568
8	72730	613823	10.59	686553
9	73433	619889	10.59	693322
10	75216	628668	10.69	703884
11	74563	621931	10.71	696494
12	74547	620436	10.73	694983
13	74732	623510	10.70	698242
14	74658	620571	10.74	695229
15	75164	619309	10.82	694473
16	75082	620158	10.80	695240
17	74206	618851	10.71	693057
18	74811	623261	10.72	698072
19	75229	620206	10.82	695435
20	74956	622983	10.74	697939
21	75015	619411	10.80	694426
22	75318	628123	10.71	703441
23	75240	617151	10.87	692391
24	76034	621453	10.90	697487
25	75288	614134	10.92	689422
26	75080	617795	10.84	692875
27	75303	616056	10.89	691359
28	75535	618384	10.89	693919
29	75117	618384	10.83	693501
30	75040	617498	10.84	692538
31	75227	624509	10.75	699736
32	75496	622742	10.81	698238
33	76237	624876	10.87	701113
34	75819	621527	10.87	697346
35	76001	616678	10.97	692679
36	75698	619249	10.89	694947
37	76737	622850	10.97	699587
38	75764	622934	10.84	698698
39	75949	621072	10.90	697021
40	75603	622884	10.82	698487
41	76005	621607	10.90	697612
42	76599	626092	10.90	702691
43	76050	623758	10.87	699808
44	76302	623948	10.90	700250
45	76140	619628	10.94	695768
46	76621	621156	10.98	697777
47	76952	623673	10.98	700625
48	76858	623800	10.97	700658
49	76869	624337	10.96	701206
50	76206	624599	10.87	700805
51	76770	622479	10.98	699249
52	76381	620838	10.96	697219
53	76240	626000	10.86	702240
54	76188	620010	10.94	696198
55	76444	624750	10.90	701194
56	76974	621740	11.02	698714
57	76537	621046	10.97	697583
58	76635	619582	11.01	696217
59	76943	619616	11.05	696559
60	76665	622268	10.97	698933
61	77569	623270	11.07	700839
62	76800	623154	10.97	699954
63	77613	620100	11.12	697713
64	76444	621983	10.95	698427
65	77060	620825	11.04	697885
66	76721	621849	10.98	698570
67	77270	620937	11.07	698207
68	77254	621397	11.06	698651
69	77400	621633	11.07	699033
70	76616	619917	11.00	696533
71	76935	625180	10.96	702115
72	77247	621244	11.06	698491
73	77246	623883	11.02	701129
74	77761	618943	11.16	696704
75	76673	615641	11.07	692314
76	76520	614440	11.07	690960
77	77324	613188	11.20	690512
78	76560	615010	11.07	691570
79	76831	618419	11.05	695250
80	76916	619011	11.05	695927
81	76789	618659	11.04	695448
82	77372	615835	11.16	693207
83	77272	615169	11.16	692441
84	77077	616662	11.11	693739
85	77323	615549	11.16	692872
86	76885	612576	11.15	689461
87	77332	618730	11.11	696062
88	77598	614813	11.21	692411
89	77833	615533	11.23	693366
90	78230	612450	11.33	690680
91	77744	614513	11.23	692257
92	77811	609279	11.32	687090
93	78013	609755	11.34	687768
94	77972	609423	11.34	687395
95	77685	608602	11.32	686287
96	77812	605944	11.38	683756
97	78234	605733	11.44	683967
98	78623	604404	11.51	683027
99	77713	600403	11.46	678116
100	78328	605707	11.45	684035
101	78074	604173	11.44	682247
102	78303	603132	11.49	681435
103	78134	599761	11.53	677895
104	78709	596925	11.65	675634
105	78938	596134	11.69	675072
106	79492	595785	11.77	675277
107	79916	594909	11.84	674825
108	79748	591625	11.88	671373
109	79576	590493	11.88	670069
110	80686	589667	12.04	670353
111	87713	599067	12.77	686780

CHG context (R1)
================
position	count methylated	count unmethylated	% methylation	coverage
1	5699	934240	0.61	939939
2	5642	935009	0.60	940651
3	5496	930240	0.59	935736
4	5792	924411	0.62	930203
5	5813	920322	0.63	926135
6	5573	921903	0.60	927476
7	5609	932531	0.60	938140
8	5673	925330	0.61	931003
9	5602	936063	0.59	941665
10	5555	935957	0.59	941512
11	5537	939816	0.59	945353
12	5624	943324	0.59	948948
13	5669	949080	0.59	954749
14	5655	940276	0.60	945931
15	5789	942023	0.61	947812
16	5871	942888	0.62	948759
17	5719	934597	0.61	940316
18	5600	937126	0.59	942726
19	5682	943719	0.60	949401
20	5506	942114	0.58	947620
21	5797	943939	0.61	949736
22	5709	944988	0.60	950697
23	5735	941796	0.61	947531
24	5727	945255	0.60	950982
25	5656	948568	0.59	954224
26	5815	942052	0.61	947867
27	5938	947168	0.62	953106
28	5703	941024	0.60	946727
29	5726	938714	0.61	944440
30	5889	940761	0.62	946650
31	5983	946308	0.63	952291
32	5781	950436	0.60	956217
33	5746	946664	0.60	952410
34	5904	948137	0.62	954041
35	5752	944120	0.61	949872
36	5625	947738	0.59	953363
37	5736	947813	0.60	953549
38	5719	947820	0.60	953539
39	5865	944404	0.62	950269
40	5774	948523	0.61	954297
41	6027	947329	0.63	953356
42	5844	949423	0.61	955267
43	5936	952475	0.62	958411
44	5811	948252	0.61	954063
45	5835	951232	0.61	957067
46	6026	954221	0.63	960247
47	5853	952950	0.61	958803
48	5893	944337	0.62	950230
49	5980	946544	0.63	952524
50	6121	944695	0.64	950816
51	6246	946168	0.66	952414
52	6293	948353	0.66	954646
53	6211	947478	0.65	953689
54	6300	946645	0.66	952945
55	6352	945322	0.67	951674
56	6448	946304	0.68	952752
57	6479	946642	0.68	953121
58	6426	946458	0.67	952884
59	6485	943209	0.68	949694
60	6543	946891	0.69	953434
61	6594	946594	0.69	953188
62	6631	939120	0.70	945751
63	6858	942135	0.72	948993
64	6737	948504	0.71	955241
65	6786	947082	0.71	953868
66	6834	943945	0.72	950779
67	6899	944405	0.73	951304
68	7185	944571	0.75	951756
69	7185	942199	0.76	949384
70	7197	943669	0.76	950866
71	7270	938815	0.77	946085
72	7251	940951	0.76	948202
73	7259	941851	0.76	949110
74	7349	936924	0.78	944273
75	7477	939885	0.79	947362
76	7632	940125	0.81	947757
77	7858	941286	0.83	949144
78	8003	939916	0.84	947919
79	7966	943229	0.84	951195
80	8246	937631	0.87	945877
81	8290	937080	0.88	945370
82	8484	938997	0.90	947481
83	8635	931878	0.92	940513
84	8853	935945	0.94	944798
85	9270	931890	0.98	941160
86	9435	933779	1.00	943214
87	9321	931153	0.99	940474
88	9738	934885	1.03	944623
89	10081	927445	1.08	937526
90	10255	926294	1.09	936549
91	10451	927252	1.11	937703
92	10756	927221	1.15	937977
93	11156	923512	1.19	934668
94	11340	925965	1.21	937305
95	11744	924671	1.25	936415
96	12290	918694	1.32	930984
97	12441	916371	1.34	928812
98	12970	913706	1.40	926676
99	13312	912185	1.44	925497
100	13815	912301	1.49	926116
101	14145	909787	1.53	923932
102	14752	904096	1.61	918848
103	15270	902887	1.66	918157
104	15497	899154	1.69	914651
105	16236	897786	1.78	914022
106	16738	897191	1.83	913929
107	18153	897352	1.98	915505
108	18518	897673	2.02	916191
109	19302	893941	2.11	913243
110	29290	901966	3.15	931256
111	29206	893941	3.16	923147

CHH context (R1)
================
position	count methylated	count unmethylated	% methylation	coverage
1	27922	4221335	0.66	4249257
2	27831	4210720	0.66	4238551
3	28055	4188440	0.67	4216495
4	29690	4171473	0.71	4201163
5	30265	4170136	0.72	4200401
6	28931	4170801	0.69	4199732
7	28679	4197410	0.68	4226089
8	29070	4184987	0.69	4214057
9	28796	4223259	0.68	4252055
10	29791	4221487	0.70	4251278
11	29535	4237956	0.69	4267491
12	29439	4230837	0.69	4260276
13	28885	4230612	0.68	4259497
14	29023	4211567	0.68	4240590
15	29000	4214740	0.68	4243740
16	30727	4206706	0.73	4237433
17	30279	4190276	0.72	4220555
18	28886	4212319	0.68	4241205
19	29235	4235763	0.69	4264998
20	29391	4240647	0.69	4270038
21	29653	4239911	0.69	4269564
22	29527	4262293	0.69	4291820
23	29693	4222145	0.70	4251838
24	29500	4238979	0.69	4268479
25	29497	4251052	0.69	4280549
26	28898	4222948	0.68	4251846
27	29686	4223629	0.70	4253315
28	29743	4230486	0.70	4260229
29	30041	4213729	0.71	4243770
30	29417	4219525	0.69	4248942
31	29776	4242622	0.70	4272398
32	29630	4251685	0.69	4281315
33	29595	4246572	0.69	4276167
34	30616	4252212	0.71	4282828
35	30302	4239810	0.71	4270112
36	30024	4235039	0.70	4265063
37	29760	4236614	0.70	4266374
38	29461	4239122	0.69	4268583
39	30394	4236343	0.71	4266737
40	30469	4260017	0.71	4290486
41	30055	4261207	0.70	4291262
42	30369	4267128	0.71	4297497
43	30139	4261614	0.70	4291753
44	30197	4255466	0.70	4285663
45	30620	4248957	0.72	4279577
46	31114	4243683	0.73	4274797
47	31087	4239553	0.73	4270640
48	31432	4252914	0.73	4284346
49	31778	4256120	0.74	4287898
50	31739	4243889	0.74	4275628
51	32279	4253643	0.75	4285922
52	32523	4250237	0.76	4282760
53	32379	4248162	0.76	4280541
54	33387	4235295	0.78	4268682
55	32740	4234334	0.77	4267074
56	32749	4236811	0.77	4269560
57	33232	4233026	0.78	4266258
58	33304	4235911	0.78	4269215
59	33409	4236363	0.78	4269772
60	33756	4247606	0.79	4281362
61	34126	4245939	0.80	4280065
62	34588	4236714	0.81	4271302
63	34364	4240734	0.80	4275098
64	35443	4241966	0.83	4277409
65	35422	4236680	0.83	4272102
66	35378	4237107	0.83	4272485
67	35594	4231353	0.83	4266947
68	35931	4235257	0.84	4271188
69	36725	4233351	0.86	4270076
70	37170	4230239	0.87	4267409
71	37364	4226756	0.88	4264120
72	38040	4233832	0.89	4271872
73	38140	4235520	0.89	4273660
74	38562	4224313	0.90	4262875
75	39752	4221986	0.93	4261738
76	40123	4222242	0.94	4262365
77	40356	4211658	0.95	4252014
78	41268	4209091	0.97	4250359
79	41677	4210910	0.98	4252587
80	42929	4201666	1.01	4244595
81	43519	4203301	1.02	4246820
82	44463	4218655	1.04	4263118
83	45389	4212343	1.07	4257732
84	46327	4213307	1.09	4259634
85	47483	4211372	1.11	4258855
86	48905	4190864	1.15	4239769
87	49428	4183639	1.17	4233067
88	50681	4166490	1.20	4217171
89	51375	4153055	1.22	4204430
90	52671	4152814	1.25	4205485
91	54766	4161833	1.30	4216599
92	56191	4166425	1.33	4222616
93	57241	4162917	1.36	4220158
94	59875	4166865	1.42	4226740
95	61280	4146930	1.46	4208210
96	63220	4135174	1.51	4198394
97	65393	4121373	1.56	4186766
98	67448	4119047	1.61	4186495
99	69208	4114226	1.65	4183434
100	72480	4117076	1.73	4189556
101	74526	4107850	1.78	4182376
102	76472	4100495	1.83	4176967
103	79610	4108746	1.90	4188356
104	82899	4095839	1.98	4178738
105	86398	4087404	2.07	4173802
106	90459	4075794	2.17	4166253
107	94558	4061508	2.28	4156066
108	103241	4058643	2.48	4161884
109	106007	4055677	2.55	4161684
110	109950	4031290	2.66	4141240
111	116567	4026303	2.81	4142870

CpG context (R2)
================
position	count methylated	count unmethylated	% methylation	coverage
1	67917	533324	11.30	601241
2	66070	523919	11.20	589989
3	66508	521982	11.30	588490
4	65891	520255	11.24	586146
5	64735	516547	11.14	581282
6	65206	514536	11.25	579742
7	64382	512845	11.15	577227
8	64329	512244	11.16	576573
9	63852	510479	11.12	574331
10	63029	507995	11.04	571024
11	63496	508028	11.11	571524
12	63281	506485	11.11	569766
13	62755	504111	11.07	566866
14	62476	500163	11.10	562639
15	62429	497660	11.15	560089
16	61175	492956	11.04	554131
17	61158	492671	11.04	553829
18	60788	489658	11.04	550446
19	60965	487262	11.12	548227
20	60193	483604	11.07	543797
21	59579	480051	11.04	539630
22	59184	476569	11.05	535753
23	58404	473301	10.98	531705
24	57730	469902	10.94	527632
25	56979	465058	10.91	522037
26	57120	460878	11.03	517998
27	56634	455570	11.06	512204
28	55784	450527	11.02	506311
29	55515	447171	11.04	502686
30	54784	443977	10.98	498761
31	54529	439380	11.04	493909
32	53878	435063	11.02	488941
33	53242	430849	11.00	484091
34	53270	427096	11.09	480366
35	52301	421633	11.04	473934
36	52216	417861	11.11	470077
37	51308	413497	11.04	464805
38	50591	409652	10.99	460243
39	50332	404772	11.06	455104
40	49588	401844	10.98	451432
41	49190	396181	11.04	445371
42	49204	394687	11.08	443891
43	48387	389426	11.05	437813
44	48106	385936	11.08	434042
45	47489	380639	11.09	428128
46	46638	377104	11.01	423742
47	46000	371833	11.01	417833
48	45863	367683	11.09	413546
49	45337	363291	11.09	408628
50	44461	358681	11.03	403142
51	43940	353976	11.04	397916
52	43726	350985	11.08	394711
53	42918	346791	11.01	389709
54	42619	342496	11.07	385115
55	42152	339656	11.04	381808
56	41955	335476	11.12	377431
57	41105	331350	11.04	372455
58	40461	327127	11.01	367588
59	39817	323866	10.95	363683
60	39317	318928	10.97	358245
61	39121	316413	11.00	355534
62	38450	312593	10.95	351043
63	38245	308929	11.02	347174
64	37570	303686	11.01	341256
65	37155	299004	11.05	336159
66	36704	296256	11.02	332960
67	36478	291727	11.11	328205
68	36182	288260	11.15	324442
69	35359	286209	11.00	321568
70	34745	281545	10.99	316290
71	34455	279113	10.99	313568
72	34235	275159	11.07	309394
73	33830	270849	11.10	304679
74	33309	267415	11.08	300724
75	32843	265385	11.01	298228
76	32389	261265	11.03	293654
77	32121	257565	11.09	289686
78	31418	254617	10.98	286035
79	31294	252187	11.04	283481
80	30671	247685	11.02	278356
81	30287	245065	11.00	275352
82	29859	242255	10.97	272114
83	29645	239895	11.00	269540
84	29089	236059	10.97	265148
85	29088	233999	11.06	263087
86	28260	230047	10.94	258307
87	27956	227151	10.96	255107
88	27607	223428	11.00	251035
89	27170	221216	10.94	248386
90	26949	217977	11.00	244926
91	26473	216291	10.90	242764
92	26203	213070	10.95	239273
93	25859	210998	10.92	236857
94	25886	207849	11.07	233735
95	25189	204987	10.94	230176
96	25267	203789	11.03	229056
97	24468	200581	10.87	225049
98	23819	197706	10.75	221525
99	24169	194363	11.06	218532
100	23590	192775	10.90	216365
101	23200	190868	10.84	214068
102	23381	186988	11.11	210369
103	22387	185040	10.79	207427
104	22411	183413	10.89	205824
105	22174	180726	10.93	202900
106	21897	178315	10.94	200212
107	21347	176346	10.80	197693
108	21201	173774	10.87	194975
109	21036	172038	10.90	193074
110	20465	169635	10.77	190100
111	20482	167380	10.90	187862

CHG context (R2)
================
position	count methylated	count unmethylated	% methylation	coverage
1	11017	793314	1.37	804331
2	10061	791423	1.26	801484
3	7310	781818	0.93	789128
4	6672	779858	0.85	786530
5	6151	775632	0.79	781783
6	5611	771084	0.72	776695
7	5435	765602	0.70	771037
8	5035	764556	0.65	769591
9	4816	760778	0.63	765594
10	5021	757157	0.66	762178
11	4594	759231	0.60	763825
12	4601	754984	0.61	759585
13	4449	752486	0.59	756935
14	4397	749585	0.58	753982
15	4407	743291	0.59	747698
16	4516	738241	0.61	742757
17	4323	738095	0.58	742418
18	4210	736010	0.57	740220
19	4201	730004	0.57	734205
20	4170	725095	0.57	729265
21	4160	719540	0.57	723700
22	4068	714627	0.57	718695
23	3986	710677	0.56	714663
24	3969	704481	0.56	708450
25	3869	698262	0.55	702131
26	4063	694020	0.58	698083
27	3990	687828	0.58	691818
28	4042	680927	0.59	684969
29	3900	675608	0.57	679508
30	3867	668810	0.57	672677
31	3986	663741	0.60	667727
32	3786	656844	0.57	660630
33	3919	649684	0.60	653603
34	4045	645079	0.62	649124
35	3658	639100	0.57	642758
36	3557	631863	0.56	635420
37	3554	626030	0.56	629584
38	3487	619706	0.56	623193
39	3638	612939	0.59	616577
40	3424	607369	0.56	610793
41	3499	601047	0.58	604546
42	3603	593359	0.60	596962
43	3590	589379	0.61	592969
44	3197	581024	0.55	584221
45	3367	574615	0.58	577982
46	3187	571322	0.55	574509
47	3378	563099	0.60	566477
48	3179	558153	0.57	561332
49	3120	551907	0.56	555027
50	2999	544060	0.55	547059
51	2994	538072	0.55	541066
52	3190	532925	0.60	536115
53	3216	525948	0.61	529164
54	2937	519819	0.56	522756
55	3120	514495	0.60	517615
56	2965	508767	0.58	511732
57	2890	504188	0.57	507078
58	2821	496906	0.56	499727
59	2777	491656	0.56	494433
60	2716	485615	0.56	488331
61	2618	480716	0.54	483334
62	2663	473347	0.56	476010
63	2625	466388	0.56	469013
64	2712	462083	0.58	464795
65	2625	453911	0.57	456536
66	2592	450023	0.57	452615
67	2537	445201	0.57	447738
68	2482	439966	0.56	442448
69	2423	434819	0.55	437242
70	2511	430528	0.58	433039
71	2473	424172	0.58	426645
72	2372	419556	0.56	421928
73	2496	414103	0.60	416599
74	2569	409119	0.62	411688
75	2544	402030	0.63	404574
76	2491	396958	0.62	399449
77	2330	392769	0.59	395099
78	2248	387701	0.58	389949
79	2184	384550	0.56	386734
80	2169	379175	0.57	381344
81	2248	374385	0.60	376633
82	2064	370434	0.55	372498
83	2103	364029	0.57	366132
84	1970	360891	0.54	362861
85	2026	356613	0.56	358639
86	1947	351587	0.55	353534
87	2015	346337	0.58	348352
88	2017	343412	0.58	345429
89	1959	338075	0.58	340034
90	1979	334225	0.59	336204
91	1951	329528	0.59	331479
92	1859	326088	0.57	327947
93	1946	323518	0.60	325464
94	1922	318110	0.60	320032
95	1900	313347	0.60	315247
96	1815	309374	0.58	311189
97	1794	305811	0.58	307605
98	1775	301679	0.58	303454
99	1901	297283	0.64	299184
100	1804	295220	0.61	297024
101	1747	291374	0.60	293121
102	1690	287130	0.59	288820
103	1699	283388	0.60	285087
104	1692	279889	0.60	281581
105	1662	276067	0.60	277729
106	1621	272959	0.59	274580
107	1620	269567	0.60	271187
108	1570	265188	0.59	266758
109	1696	262008	0.64	263704
110	1622	260917	0.62	262539
111	1614	256866	0.62	258480

CHH context (R2)
================
position	count methylated	count unmethylated	% methylation	coverage
1	47526	3715835	1.26	3763361
2	42659	3706105	1.14	3748764
3	39769	3687791	1.07	3727560
4	36658	3666230	0.99	3702888
5	33551	3632957	0.92	3666508
6	31361	3605193	0.86	3636554
7	29970	3576547	0.83	3606517
8	28272	3558097	0.79	3586369
9	27272	3542375	0.76	3569647
10	27494	3520778	0.77	3548272
11	25991	3506993	0.74	3532984
12	24884	3484687	0.71	3509571
13	24417	3462889	0.70	3487306
14	23895	3435584	0.69	3459479
15	24133	3411088	0.70	3435221
16	23290	3379350	0.68	3402640
17	22657	3367815	0.67	3390472
18	22070	3346020	0.66	3368090
19	21886	3322008	0.65	3343894
20	21920	3298565	0.66	3320485
21	21348	3275918	0.65	3297266
22	21571	3250763	0.66	3272334
23	20947	3219061	0.65	3240008
24	20893	3188520	0.65	3209413
25	20822	3160663	0.65	3181485
26	21119	3130924	0.67	3152043
27	21053	3106973	0.67	3128026
28	20802	3084381	0.67	3105183
29	20041	3055845	0.65	3075886
30	19650	3031766	0.64	3051416
31	20673	3000543	0.68	3021216
32	19308	2974811	0.64	2994119
33	19955	2939236	0.67	2959191
34	20546	2911710	0.70	2932256
35	18768	2884551	0.65	2903319
36	18511	2852140	0.64	2870651
37	18384	2822011	0.65	2840395
38	18417	2792467	0.66	2810884
39	18620	2765783	0.67	2784403
40	18014	2733977	0.65	2751991
41	18224	2708156	0.67	2726380
42	18606	2679094	0.69	2697700
43	18548	2648971	0.70	2667519
44	17218	2620818	0.65	2638036
45	17164	2591410	0.66	2608574
46	17101	2564151	0.66	2581252
47	17111	2535161	0.67	2552272
48	16578	2507433	0.66	2524011
49	16391	2478233	0.66	2494624
50	16236	2449310	0.66	2465546
51	15692	2422429	0.64	2438121
52	16304	2394172	0.68	2410476
53	16690	2360963	0.70	2377653
54	15655	2337578	0.67	2353233
55	16150	2312255	0.69	2328405
56	15343	2284607	0.67	2299950
57	14851	2254684	0.65	2269535
58	14703	2230092	0.65	2244795
59	14832	2204983	0.67	2219815
60	14715	2177805	0.67	2192520
61	14533	2150936	0.67	2165469
62	14326	2123962	0.67	2138288
63	14074	2101150	0.67	2115224
64	13753	2072660	0.66	2086413
65	13596	2043960	0.66	2057556
66	13784	2018706	0.68	2032490
67	13402	2000242	0.67	2013644
68	13253	1973551	0.67	1986804
69	13289	1951897	0.68	1965186
70	13250	1924776	0.68	1938026
71	12968	1903297	0.68	1916265
72	13163	1878321	0.70	1891484
73	13614	1852481	0.73	1866095
74	13512	1833787	0.73	1847299
75	13528	1808023	0.74	1821551
76	13062	1786308	0.73	1799370
77	12744	1766550	0.72	1779294
78	12417	1746525	0.71	1758942
79	12052	1724240	0.69	1736292
80	11728	1704210	0.68	1715938
81	11989	1684017	0.71	1696006
82	11587	1665070	0.69	1676657
83	11578	1642465	0.70	1654043
84	11370	1622847	0.70	1634217
85	11261	1602693	0.70	1613954
86	11193	1581596	0.70	1592789
87	10879	1560195	0.69	1571074
88	10880	1542829	0.70	1553709
89	10882	1522826	0.71	1533708
90	11005	1502788	0.73	1513793
91	10598	1485001	0.71	1495599
92	10488	1468368	0.71	1478856
93	10499	1450682	0.72	1461181
94	10545	1429912	0.73	1440457
95	10268	1412646	0.72	1422914
96	10494	1393932	0.75	1404426
97	9932	1376237	0.72	1386169
98	10004	1360602	0.73	1370606
99	10234	1340451	0.76	1350685
100	9796	1325769	0.73	1335565
101	9728	1310961	0.74	1320689
102	9648	1290624	0.74	1300272
103	9235	1277091	0.72	1286326
104	9441	1262782	0.74	1272223
105	9370	1243696	0.75	1253066
106	9204	1228077	0.74	1237281
107	9204	1213127	0.75	1222331
108	9166	1196079	0.76	1205245
109	9280	1181864	0.78	1191144
110	8956	1172729	0.76	1181685
111	8801	1157671	0.75	1166472

